Name         Age Nat St Tk Ps Sh Ag KAb TAb PAb SAb Gam Sub  Min Mom Sav Con Ktk Kps Sht Gls Ass  DP Inj Sus Fit
----------------------------------------------------------------------------------------------------------------
S_Ruffier     30 fra 20  1  1  1 30 225 100 100 100   0   0    0   0   0   0   0   0   0   0   0   0   0   0 100
S_Mandanda    32 fra 19  1  1  1 30 900 100 100 100   0   0    0   0   0   0   0   0   0   0   0   0   0   0 100
G_Rulli       24 arg 19  1  1  1 30 720 100 100 100   0   0    0   0   0   0   0   0   0   0   0   0   0   0 100
Joe_Hart      29 eng 19  1  1  1 30 720 100 100 100   0   0    0   0   0   0   0   0   0   0   0   0   0   0 100
Timo_Horn     23 ger 19  1  1  1 30 720 100 100 100   0   0    0   0   0   0   0   0   0   0   0   0   0   0 100
Mattia_Perin  24 ita 19  1  1  1 30 720 100 100 100   0   0    0   0   0   0   0   0   0   0   0   0   0   0 100
Rui_Patrício  29 por 19  1  1  1 30 720 100 100 100   0   0    0   0   0   0   0   0   0   0   0   0   0   0 100
Yann_Sommer   28 sui 19  1  1  1 30 720 100 100 100   0   0    0   0   0   0   0   0   0   0   0   0   0   0 100
Jack_Butland  24 eng 19  1  1  1 30 540 100 100 100   0   0    0   0   0   0   0   0   0   0   0   0   0   0 100
Benoît_Costil 29 fra 19  1  1  1 30 540 100 100 100   0   0    0   0   0   0   0   0   0   0   0   0   0   0 100
A_Consigli    30 ita 19  1  1  1 30 540 100 100 100   0   0    0   0   0   0   0   0   0   0   0   0   0   0 100
E_Viviano     31 ita 19  1  1  1 30 540 100 100 100   0   0    0   0   0   0   0   0   0   0   0   0   0   0 100
F_Muslera     30 uru 19  1  1  1 30 540 100 100 100   0   0    0   0   0   0   0   0   0   0   0   0   0   0 100
Antonio_Adán  29 esp 19  1  1  1 30 360 100 100 100   0   0    0   0   0   0   0   0   0   0   0   0   0   0 100
Ben_Foster    34 eng 19  1  1  1 30 180 100 100 100   0   0    0   0   0   0   0   0   0   0   0   0   0   0 100
Adrián        30 esp 19  1  1  1 30 180 100 100 100   0   0    0   0   0   0   0   0   0   0   0   0   0   0 100
M_Sportiello  24 ita 19  1  1  1 30 180 100 100 100   0   0    0   0   0   0   0   0   0   0   0   0   0   0 100
S_Sirigu      30 ita 19  1  1  1 30 180 100 100 100   0   0    0   0   0   0   0   0   0   0   0   0   0   0 100
F_Marchetti   34 ita 19  1  1  1 30 180 100 100 100   0   0    0   0   0   0   0   0   0   0   0   0   0   0 100
L_Fabianski   31 pol 19  1  1  1 30 180 100 100 100   0   0    0   0   0   0   0   0   0   0   0   0   0   0 100
Marvwin_Hitz  29 sui 19  1  1  1 30 180 100 100 100   0   0    0   0   0   0   0   0   0   0   0   0   0   0 100
Tom_Heaton    30 eng 18  1  1  1 30 900 100 100 100   0   0    0   0   0   0   0   0   0   0   0   0   0   0 100
Arrizabalaga  22 esp 18  1  1  1 30 900 100 100 100   0   0    0   0   0   0   0   0   0   0   0   0   0   0 100
G_Ochoa       31 mex 18  1  1  1 30 900 100 100 100   0   0    0   0   0   0   0   0   0   0   0   0   0   0 100
D_Benaglio    33 sui 18  1  1  1 30 900 100 100 100   0   0    0   0   0   0   0   0   0   0   0   0   0   0 100
Nahuel_Guzmán 30 arg 18  1  1  1 30 750 100 100 100   0   0    0   0   0   0   0   0   0   0   0   0   0   0 100
Koen_Casteels 24 bel 18  1  1  1 30 750 100 100 100   0   0    0   0   0   0   0   0   0   0   0   0   0   0 100
F_Forster     29 eng 18  1  1  1 30 750 100 100 100   0   0    0   0   0   0   0   0   0   0   0   0   0   0 100
K_Vermeer     31 ned 18  1  1  1 30 750 100 100 100   0   0    0   0   0   0   0   0   0   0   0   0   0   0 100
Tim_Krul      29 ned 18  1  1  1 30 750 100 100 100   0   0    0   0   0   0   0   0   0   0   0   0   0   0 100
M_Andújar     32 arg 18  1  1  1 30 600 100 100 100   0   0    0   0   0   0   0   0   0   0   0   0   0   0 100
Silvio_Proto  33 bel 18  1  1  1 30 600 100 100 100   0   0    0   0   0   0   0   0   0   0   0   0   0   0 100
S_Álvarez     30 esp 18  1  1  1 30 600 100 100 100   0   0    0   0   0   0   0   0   0   0   0   0   0   0 100
Alban_Lafont  18 fra 18  1  1  1 30 600 100 100 100   0   0    0   0   0   0   0   0   0   0   0   0   0   0 100
Rémy_Riou     29 fra 18  1  1  1 30 600 100 100 100   0   0    0   0   0   0   0   0   0   0   0   0   0   0 100
A_Talavera    34 mex 18  1  1  1 30 600 100 100 100   0   0    0   0   0   0   0   0   0   0   0   0   0   0 100
Marafona      29 por 18  1  1  1 30 600 100 100 100   0   0    0   0   0   0   0   0   0   0   0   0   0   0 100
Beto          34 por 18  1  1  1 30 600 100 100 100   0   0    0   0   0   0   0   0   0   0   0   0   0   0 100
M_Campaña     27 uru 18  1  1  1 30 600 100 100 100   0   0    0   0   0   0   0   0   0   0   0   0   0   0 100
F_Monetti     27 arg 18  1  1  1 30 450 100 100 100   0   0    0   0   0   0   0   0   0   0   0   0   0   0 100
J_Pickford    23 eng 18  1  1  1 30 450 100 100 100   0   0    0   0   0   0   0   0   0   0   0   0   0   0 100
J_Orozco      30 mex 18  1  1  1 30 450 100 100 100   0   0    0   0   0   0   0   0   0   0   0   0   0   0 100
J_de_J_Corona 36 mex 18  1  1  1 30 450 100 100 100   0   0    0   0   0   0   0   0   0   0   0   0   0   0 100
L_Skorupski   25 pol 18  1  1  1 30 450 100 100 100   0   0    0   0   0   0   0   0   0   0   0   0   0   0 100
Artur_Boruc   37 pol 18  1  1  1 30 450 100 100 100   0   0    0   0   0   0   0   0   0   0   0   0   0   0 100
W_Hennessey   30 wal 18  1  1  1 30 300 100 100 100   0   0    0   0   0   0   0   0   0   0   0   0   0   0 100
Matz_Sels     25 bel 18  1  1  1 30 300 100 100 100   0   0    0   0   0   0   0   0   0   0   0   0   0   0 100
C_Toselli     28 chi 18  1  1  1 30 300 100 100 100   0   0    0   0   0   0   0   0   0   0   0   0   0   0 100
Camilo_Vargas 28 col 18  1  1  1 30 300 100 100 100   0   0    0   0   0   0   0   0   0   0   0   0   0   0 100
Lovre_Kalinic 27 cro 18  1  1  1 30 300 100 100 100   0   0    0   0   0   0   0   0   0   0   0   0   0   0 100
Sergio_Padt   26 ned 18  1  1  1 30 300 100 100 100   0   0    0   0   0   0   0   0   0   0   0   0   0   0 100
P_Tyton       30 pol 18  1  1  1 30 300 100 100 100   0   0    0   0   0   0   0   0   0   0   0   0   0   0 100
Yvon_Mvogo    22 sui 18  1  1  1 30 300 100 100 100   0   0    0   0   0   0   0   0   0   0   0   0   0   0 100
G_Sara        28 arg 18  1  1  1 30 150 100 100 100   0   0    0   0   0   0   0   0   0   0   0   0   0   0 100
S_Scuffet     20 ita 18  1  1  1 30 150 100 100 100   0   0    0   0   0   0   0   0   0   0   0   0   0   0 100
Erwin_Mulder  28 ned 18  1  1  1 30 150 100 100 100   0   0    0   0   0   0   0   0   0   0   0   0   0   0 100
Robbin_Ruiter 30 ned 18  1  1  1 30 150 100 100 100   0   0    0   0   0   0   0   0   0   0   0   0   0   0 100
J_Hopf        29 swe 18  1  1  1 30 150 100 100 100   0   0    0   0   0   0   0   0   0   0   0   0   0   0 100
K-J_Johnsson  27 swe 18  1  1  1 30 150 100 100 100   0   0    0   0   0   0   0   0   0   0   0   0   0   0 100
Boaz_Myhill   34 wal 17  1  1  1 30 900 100 100 100   0   0    0   0   0   0   0   0   0   0   0   0   0   0 100
Robert_Almer  33 aut 17  1  1  1 30 900 100 100 100   0   0    0   0   0   0   0   0   0   0   0   0   0   0 100
L_Castellanos 33 col 17  1  1  1 30 900 100 100 100   0   0    0   0   0   0   0   0   0   0   0   0   0   0 100
José_Cuadrado 31 col 17  1  1  1 30 900 100 100 100   0   0    0   0   0   0   0   0   0   0   0   0   0   0 100
Josip_Posavec 21 cro 17  1  1  1 30 900 100 100 100   0   0    0   0   0   0   0   0   0   0   0   0   0   0 100
John_Ruddy    30 eng 17  1  1  1 30 900 100 100 100   0   0    0   0   0   0   0   0   0   0   0   0   0   0 100
Bruno_Varela  22 por 17  1  1  1 30 900 100 100 100   0   0    0   0   0   0   0   0   0   0   0   0   0   0 100
Miguel_Silva  21 por 17  1  1  1 30 900 100 100 100   0   0    0   0   0   0   0   0   0   0   0   0   0   0 100
K_Nordfeldt   27 swe 17  1  1  1 30 900 100 100 100   0   0    0   0   0   0   0   0   0   0   0   0   0   0 100
G_Hubert      23 bel 17  1  1  1 30 770 100 100 100   0   0    0   0   0   0   0   0   0   0   0   0   0   0 100
D_González    34 col 17  1  1  1 30 770 100 100 100   0   0    0   0   0   0   0   0   0   0   0   0   0   0 100
Rodolfo_Cota  29 mex 17  1  1  1 30 770 100 100 100   0   0    0   0   0   0   0   0   0   0   0   0   0   0 100
C_Rodríguez   28 mex 17  1  1  1 30 770 100 100 100   0   0    0   0   0   0   0   0   0   0   0   0   0   0 100
Robin_Olsen   27 swe 17  1  1  1 30 770 100 100 100   0   0    0   0   0   0   0   0   0   0   0   0   0   0 100
Heinz_Lindner 26 aut 17  1  1  1 30 640 100 100 100   0   0    0   0   0   0   0   0   0   0   0   0   0   0 100
Paulo_Garcés  32 chi 17  1  1  1 30 640 100 100 100   0   0    0   0   0   0   0   0   0   0   0   0   0   0 100
Nicola_Leali  24 ita 17  1  1  1 30 640 100 100 100   0   0    0   0   0   0   0   0   0   0   0   0   0   0 100
B_Dragowski   19 pol 17  1  1  1 30 640 100 100 100   0   0    0   0   0   0   0   0   0   0   0   0   0   0 100
Pawel_Kieszek 32 pol 17  1  1  1 30 640 100 100 100   0   0    0   0   0   0   0   0   0   0   0   0   0   0 100
Mika          26 por 17  1  1  1 30 640 100 100 100   0   0    0   0   0   0   0   0   0   0   0   0   0   0 100
Sebas_Sosa    30 uru 17  1  1  1 30 640 100 100 100   0   0    0   0   0   0   0   0   0   0   0   0   0   0 100
Sergio_Rochet 24 uru 17  1  1  1 30 640 100 100 100   0   0    0   0   0   0   0   0   0   0   0   0   0   0 100
M_Langer      32 aut 17  1  1  1 30 510 100 100 100   0   0    0   0   0   0   0   0   0   0   0   0   0   0 100
Marco_Knaller 30 aut 17  1  1  1 30 510 100 100 100   0   0    0   0   0   0   0   0   0   0   0   0   0   0 100
E_Unsain      21 arg 17  1  1  1 30 510 100 100 100   0   0    0   0   0   0   0   0   0   0   0   0   0   0 100
C_Coosemans   24 bel 17  1  1  1 30 510 100 100 100   0   0    0   0   0   0   0   0   0   0   0   0   0   0 100
P_Gollini     22 ita 17  1  1  1 30 510 100 100 100   0   0    0   0   0   0   0   0   0   0   0   0   0   0 100
Par_Hansson   30 swe 17  1  1  1 30 510 100 100 100   0   0    0   0   0   0   0   0   0   0   0   0   0   0 100
E_Jakupovic   32 sui 17  1  1  1 30 510 100 100 100   0   0    0   0   0   0   0   0   0   0   0   0   0   0 100
Goicoechea    29 uru 17  1  1  1 30 510 100 100 100   0   0    0   0   0   0   0   0   0   0   0   0   0   0 100
Danny_Ward    23 wal 17  1  1  1 30 380 100 100 100   0   0    0   0   0   0   0   0   0   0   0   0   0   0 100
Chris_Maxwell 26 wal 17  1  1  1 30 380 100 100 100   0   0    0   0   0   0   0   0   0   0   0   0   0   0 100
Miguel_Pinto  33 chi 17  1  1  1 30 380 100 100 100   0   0    0   0   0   0   0   0   0   0   0   0   0   0 100
C_Bonilla     23 col 17  1  1  1 30 380 100 100 100   0   0    0   0   0   0   0   0   0   0   0   0   0   0 100
Ivan_Vargic   30 cro 17  1  1  1 30 380 100 100 100   0   0    0   0   0   0   0   0   0   0   0   0   0   0 100
Matej_Delac   24 cro 17  1  1  1 30 380 100 100 100   0   0    0   0   0   0   0   0   0   0   0   0   0   0 100
R_Strebinger  24 aut 17  1  1  1 30 250 100 100 100   0   0    0   0   0   0   0   0   0   0   0   0   0   0 100
M_Gspurning   35 aut 17  1  1  1 30 250 100 100 100   0   0    0   0   0   0   0   0   0   0   0   0   0   0 100
Andreas_Lukse 29 aut 17  1  1  1 30 250 100 100 100   0   0    0   0   0   0   0   0   0   0   0   0   0   0 100
Diego_Sánchez 29 chi 17  1  1  1 30 250 100 100 100   0   0    0   0   0   0   0   0   0   0   0   0   0   0 100
J_Siebenhandl 27 aut 17  1  1  1 30 120 100 100 100   0   0    0   0   0   0   0   0   0   0   0   0   0   0 100
A_Laporte     22 fra  1 19  1  1 30 100 900 100 100   0   0    0   0   0   0   0   0   0   0   0   0   0   0 100
José_Fonte    34 por  1 19  1  1 30 100 720 100 100   0   0    0   0   0   0   0   0   0   0   0   0   0   0 100
G_Rodríguez   32 arg  1 19  1  1 30 100 540 100 100   0   0    0   0   0   0   0   0   0   0   0   0   0   0 100
V_Corluka     31 cro  1 19  1  1 30 100 540 100 100   0   0    0   0   0   0   0   0   0   0   0   0   0   0 100
Loïc_Perrin   31 fra  1 19  1  1 30 100 540 100 100   0   0    0   0   0   0   0   0   0   0   0   0   0   0 100
F_Acerbi      29 ita  1 19  1  1 30 100 540 100 100   0   0    0   0   0   0   0   0   0   0   0   0   0   0 100
V_van_Dijk    25 ned  1 19  1  1 30 100 540 100 100   0   0    0   0   0   0   0   0   0   0   0   0   0   0 100
S_de_Vrij     25 ned  1 19  1  1 30 100 540 100 100   0   0    0   0   0   0   0   0   0   0   0   0   0   0 100
R_Rodríguez   24 sui  1 19 11  6 30 100 540 100 100   0   0    0   0   0   0   0   0   0   0   0   0   0   0 100
Darijo_Srna   34 cro  1 19 11  7 30 100 360 100 100   0   0    0   0   0   0   0   0   0   0   0   0   0   0 100
R_Shawcross   29 eng  1 19  1  1 30 100 360 100 100   0   0    0   0   0   0   0   0   0   0   0   0   0   0 100
Iñigo_Mtnez   25 esp  1 19  1  1 30 100 360 100 100   0   0    0   0   0   0   0   0   0   0   0   0   0   0 100
Ó_de_Marcos   27 esp  1 19 11  6 30 100 360 100 100   0   0    0   0   0   0   0   0   0   0   0   0   0   0 100
Mamadou_Sakho 27 fra  1 19  1  1 30 100 360 100 100   0   0    0   0   0   0   0   0   0   0   0   0   0   0 100
Niklas_Süle   21 ger  1 19  1  1 30 100 360 100 100   0   0    0   0   0   0   0   0   0   0   0   0   0   0 100
Jonas_Hector  26 ger  1 19 10  5 30 100 360 100 100   0   0    0   0   0   0   0   0   0   0   0   0   0   0 100
Davide_Astori 30 ita  1 19  1  1 30 100 360 100 100   0   0    0   0   0   0   0   0   0   0   0   0   0   0 100
M_Caceres     29 uru  1 19  1  1 30 100 360 100 100   0   0    0   0   0   0   0   0   0   0   0   0   0   0 100
Ryan_Bertrand 27 eng  1 19 11  6 30 100 180 100 100   0   0    0   0   0   0   0   0   0   0   0   0   0   0 100
Hugo_Mallo    25 esp  1 19 11  6 30 100 180 100 100   0   0    0   0   0   0   0   0   0   0   0   0   0   0 100
Kolodziejczak 25 fra  1 19  1  1 30 100 180 100 100   0   0    0   0   0   0   0   0   0   0   0   0   0   0 100
A_Ogbonna     28 ita  1 19  1  1 30 100 180 100 100   0   0    0   0   0   0   0   0   0   0   0   0   0   0 100
A_Granqvist   31 swe  1 19  1  1 30 100 180 100 100   0   0    0   0   0   0   0   0   0   0   0   0   0   0 100
Sebas_Coates  26 uru  1 19  1  1 30 100 180 100 100   0   0    0   0   0   0   0   0   0   0   0   0   0   0 100
Gil           29 bra  1 18  1  1 30 100 900 100 100   0   0    0   0   0   0   0   0   0   0   0   0   0   0 100
L_Castán      30 bra  1 18  1  1 30 100 900 100 100   0   0    0   0   0   0   0   0   0   0   0   0   0   0 100
E_Botteghin   29 bra  1 18  1  1 30 100 900 100 100   0   0    0   0   0   0   0   0   0   0   0   0   0   0 100
N_Lombaerts   32 bel  1 18  1  1 30 100 900 100 100   0   0    0   0   0   0   0   0   0   0   0   0   0   0 100
Michael_Keane 24 eng  1 18  1  1 30 100 900 100 100   0   0    0   0   0   0   0   0   0   0   0   0   0   0 100
Scott_Dann    30 eng  1 18  1  1 30 100 900 100 100   0   0    0   0   0   0   0   0   0   0   0   0   0   0 100
M_Balenziaga  29 esp  1 18 11  5 30 100 900 100 100   0   0    0   0   0   0   0   0   0   0   0   0   0   0 100
D_Criscito    30 ita  1 18 11  5 30 100 900 100 100   0   0    0   0   0   0   0   0   0   0   0   0   0   0 100
Jeffrey_Bruma 25 ned  1 18  1  1 30 100 900 100 100   0   0    0   0   0   0   0   0   0   0   0   0   0   0 100
Rúben_Semedo  23 por  1 18  1  1 30 100 900 100 100   0   0    0   0   0   0   0   0   0   0   0   0   0   0 100
Bruno_Alves   35 por  1 18  1  1 30 100 900 100 100   0   0    0   0   0   0   0   0   0   0   0   0   0   0 100
Cédric_Soares 25 por  1 18 11  5 30 100 900 100 100   0   0    0   0   0   0   0   0   0   0   0   0   0   0 100
Maxi_Pereira  32 uru  1 18 11  5 30 100 900 100 100   0   0    0   0   0   0   0   0   0   0   0   0   0   0 100
B_Espinosa    27 col  1 18  1  1 30 100 750 100 100   0   0    0   0   0   0   0   0   0   0   0   0   0   0 100
Jorge_Meré    19 esp  1 18  1  1 30 100 750 100 100   0   0    0   0   0   0   0   0   0   0   0   0   0   0 100
D_Zappacosta  24 ita  1 18 11  6 30 100 750 100 100   0   0    0   0   0   0   0   0   0   0   0   0   0   0 100
Bruno_M_Indi  25 ned  1 18  1  1 30 100 750 100 100   0   0    0   0   0   0   0   0   0   0   0   0   0   0 100
P_Oliveira    25 por  1 18  1  1 30 100 750 100 100   0   0    0   0   0   0   0   0   0   0   0   0   0   0 100
Oscar_Wendt   31 swe  1 18  9  5 30 100 750 100 100   0   0    0   0   0   0   0   0   0   0   0   0   0   0 100
S_Prödl       29 aut  1 18  1  1 30 100 600 100 100   0   0    0   0   0   0   0   0   0   0   0   0   0   0 100
Wallace       22 bra  1 18  1  1 30 100 600 100 100   0   0    0   0   0   0   0   0   0   0   0   0   0   0 100
F_Roncaglia   29 arg  1 18  1  1 30 100 600 100 100   0   0    0   0   0   0   0   0   0   0   0   0   0   0 100
G_Pezzella    25 arg  1 18  1  1 30 100 600 100 100   0   0    0   0   0   0   0   0   0   0   0   0   0   0 100
Mauricio_Isla 28 chi  1 18  9  5 30 100 600 100 100   0   0    0   0   0   0   0   0   0   0   0   0   0   0 100
Glen_Johnson  32 eng  1 18 11  4 30 100 600 100 100   0   0    0   0   0   0   0   0   0   0   0   0   0   0 100
Yeray_Álvarez 22 esp  1 18  1  1 30 100 600 100 100   0   0    0   0   0   0   0   0   0   0   0   0   0   0 100
Jesús_Vallejo 20 esp  1 18  1  1 30 100 600 100 100   0   0    0   0   0   0   0   0   0   0   0   0   0   0 100
Jonny_Castro  23 esp  1 18 11  5 30 100 600 100 100   0   0    0   0   0   0   0   0   0   0   0   0   0   0 100
S_Corchia     26 fra  1 18 11  5 30 100 600 100 100   0   0    0   0   0   0   0   0   0   0   0   0   0   0 100
Diego_Reyes   24 mex  1 18  1  1 30 100 600 100 100   0   0    0   0   0   0   0   0   0   0   0   0   0   0 100
T_Kongolo     23 ned  1 18  1  1 30 100 600 100 100   0   0    0   0   0   0   0   0   0   0   0   0   0   0 100
Wesley_Hoedt  23 ned  1 18  1  1 30 100 600 100 100   0   0    0   0   0   0   0   0   0   0   0   0   0   0 100
Ron_Vlaar     32 ned  1 18  1  1 30 100 600 100 100   0   0    0   0   0   0   0   0   0   0   0   0   0   0 100
Daryl_Janmaat 27 ned  1 18 11  5 30 100 600 100 100   0   0    0   0   0   0   0   0   0   0   0   0   0   0 100
Rick_Karsdorp 22 ned  1 18 11  5 30 100 600 100 100   0   0    0   0   0   0   0   0   0   0   0   0   0   0 100
Luís_Neto     28 por  1 18  1  1 30 100 600 100 100   0   0    0   0   0   0   0   0   0   0   0   0   0   0 100
André_Pinto   27 por  1 18  1  1 30 100 600 100 100   0   0    0   0   0   0   0   0   0   0   0   0   0   0 100
S_Widmwer     24 sui  1 18 11  6 30 100 600 100 100   0   0    0   0   0   0   0   0   0   0   0   0   0   0 100
Mau_Lemos     21 uru  1 18  1  1 30 100 600 100 100   0   0    0   0   0   0   0   0   0   0   0   0   0   0 100
James_Collins 33 wal  1 18  1  1 30 100 450 100 100   0   0    0   0   0   0   0   0   0   0   0   0   0   0 100
M_Hinteregger 24 aut  1 18  1  1 30 100 450 100 100   0   0    0   0   0   0   0   0   0   0   0   0   0   0 100
M_Caruzzo     31 arg  1 18  1  1 30 100 450 100 100   0   0    0   0   0   0   0   0   0   0   0   0   0   0 100
Björn_Engels  22 bel  1 18  1  1 30 100 450 100 100   0   0    0   0   0   0   0   0   0   0   0   0   0   0 100
C_Kabasele    26 bel  1 18  1  1 30 100 450 100 100   0   0    0   0   0   0   0   0   0   0   0   0   0   0 100
Éder_Balanta  24 col  1 18  1  1 30 100 450 100 100   0   0    0   0   0   0   0   0   0   0   0   0   0   0 100
Óscar_Murillo 28 col  1 18  1  1 30 100 450 100 100   0   0    0   0   0   0   0   0   0   0   0   0   0   0 100
Frank_Fabra   26 col  1 18 11  4 30 100 450 100 100   0   0    0   0   0   0   0   0   0   0   0   0   0   0 100
James_Tomkins 28 eng  1 18  1  1 30 100 450 100 100   0   0    0   0   0   0   0   0   0   0   0   0   0   0 100
A_Cresswell   27 eng  1 18 11  5 30 100 450 100 100   0   0    0   0   0   0   0   0   0   0   0   0   0   0 100
Y_Sabaly      24 fra  1 18 11  5 30 100 450 100 100   0   0    0   0   0   0   0   0   0   0   0   0   0   0 100
Y_Gerhardt    23 ger  1 18  9  5 30 100 450 100 100   0   0    0   0   0   0   0   0   0   0   0   0   0   0 100
Armando_Izzo  25 ita  1 18  1  1 30 100 450 100 100   0   0    0   0   0   0   0   0   0   0   0   0   0   0 100
L_D_Silvestri 28 ita  1 18 11  5 30 100 450 100 100   0   0    0   0   0   0   0   0   0   0   0   0   0   0 100
Paul_Aguilar  31 mex  1 18 11  6 30 100 450 100 100   0   0    0   0   0   0   0   0   0   0   0   0   0   0 100
Erik_Pieters  28 ned  1 18  9  4 30 100 450 100 100   0   0    0   0   0   0   0   0   0   0   0   0   0   0 100
Van_der_Wiel  29 ned  1 18  9  4 30 100 450 100 100   0   0    0   0   0   0   0   0   0   0   0   0   0   0 100
Michal_Pazdan 29 pol  1 18  1  1 30 100 450 100 100   0   0    0   0   0   0   0   0   0   0   0   0   0   0 100
Luisinho      31 por  1 18 11  5 30 100 450 100 100   0   0    0   0   0   0   0   0   0   0   0   0   0   0 100
Jonas_Olsson  34 swe  1 18  1  1 30 100 450 100 100   0   0    0   0   0   0   0   0   0   0   0   0   0   0 100
P_Jansson     26 swe  1 18  1  1 30 100 450 100 100   0   0    0   0   0   0   0   0   0   0   0   0   0   0 100
J_Djourou     30 sui  1 18  1  1 30 100 450 100 100   0   0    0   0   0   0   0   0   0   0   0   0   0   0 100
Timm_Klose    28 sui  1 18  1  1 30 100 450 100 100   0   0    0   0   0   0   0   0   0   0   0   0   0   0 100
Fabin_Schar   25 sui  1 18  1  1 30 100 450 100 100   0   0    0   0   0   0   0   0   0   0   0   0   0   0 100
Michael_Lang  26 sui  1 18 11  5 30 100 450 100 100   0   0    0   0   0   0   0   0   0   0   0   0   0   0 100
G_Alcoba      32 uru  1 18  1  1 30 100 450 100 100   0   0    0   0   0   0   0   0   0   0   0   0   0   0 100
Miguel_Britos 31 uru  1 18  1  1 30 100 450 100 100   0   0    0   0   0   0   0   0   0   0   0   0   0   0 100
James_Chester 28 wal  1 18  1  1 30 100 300 100 100   0   0    0   0   0   0   0   0   0   0   0   0   0   0 100
Neil_Taylor   28 wal  1 18  9  5 30 100 300 100 100   0   0    0   0   0   0   0   0   0   0   0   0   0   0 100
D_Santos      23 bra  1 18 11  5 30 100 300 100 100   0   0    0   0   0   0   0   0   0   0   0   0   0   0 100
Jefferson     28 bra  1 18 11  5 30 100 300 100 100   0   0    0   0   0   0   0   0   0   0   0   0   0   0 100
Enzo_Roco     24 chi  1 18  1  1 30 100 300 100 100   0   0    0   0   0   0   0   0   0   0   0   0   0   0 100
Gonzalo_Jara  31 chi  1 18  1  1 30 100 300 100 100   0   0    0   0   0   0   0   0   0   0   0   0   0   0 100
W_Tesillo     27 col  1 18  1  1 30 100 300 100 100   0   0    0   0   0   0   0   0   0   0   0   0   0   0 100
Steve_Cook    25 eng  1 18  1  1 30 100 300 100 100   0   0    0   0   0   0   0   0   0   0   0   0   0   0 100
S_Caulker     25 eng  1 18  1  1 30 100 300 100 100   0   0    0   0   0   0   0   0   0   0   0   0   0   0 100
C_Chambers    22 eng  1 18  7  4 30 100 300 100 100   0   0    0   0   0   0   0   0   0   0   0   0   0   0 100
Joel_Ward     27 eng  1 18 10  5 30 100 300 100 100   0   0    0   0   0   0   0   0   0   0   0   0   0   0 100
Kyle_Naughton 28 eng  1 18 11  5 30 100 300 100 100   0   0    0   0   0   0   0   0   0   0   0   0   0   0 100
Jordan_Amavi  23 fra  1 18 11  5 30 100 300 100 100   0   0    0   0   0   0   0   0   0   0   0   0   0   0 100
A_Masuaku     23 fra  1 18 11  5 30 100 300 100 100   0   0    0   0   0   0   0   0   0   0   0   0   0   0 100
K_T-Catherine 27 fra  1 18 11  5 30 100 300 100 100   0   0    0   0   0   0   0   0   0   0   0   0   0   0 100
A_Ranocchia   29 ita  1 18  1  1 30 100 300 100 100   0   0    0   0   0   0   0   0   0   0   0   0   0   0 100
Andrea_Conti  23 ita  1 18 11  5 30 100 300 100 100   0   0    0   0   0   0   0   0   0   0   0   0   0   0 100
Hugo_Ayala    30 mex  1 18  1  1 30 100 300 100 100   0   0    0   0   0   0   0   0   0   0   0   0   0   0 100
P_van_Aanholt 26 ned  1 18 11  4 30 100 300 100 100   0   0    0   0   0   0   0   0   0   0   0   0   0   0 100
R_Haps        23 ned  1 18 11  5 30 100 300 100 100   0   0    0   0   0   0   0   0   0   0   0   0   0   0 100
M_Zeegelaar   26 ned  1 18 11  5 30 100 300 100 100   0   0    0   0   0   0   0   0   0   0   0   0   0   0 100
A_Jedrzejczyk 29 pol  1 18 11  6 30 100 300 100 100   0   0    0   0   0   0   0   0   0   0   0   0   0   0 100
Tiago_Ilori   24 por  1 18  1  1 30 100 300 100 100   0   0    0   0   0   0   0   0   0   0   0   0   0   0 100
Rúben_Vezo    22 por  1 18  1  1 30 100 300 100 100   0   0    0   0   0   0   0   0   0   0   0   0   0   0 100
Ivo_Pinto     27 por  1 18 11  5 30 100 300 100 100   0   0    0   0   0   0   0   0   0   0   0   0   0   0 100
Martin_Olsson 28 swe  1 18 11  5 30 100 300 100 100   0   0    0   0   0   0   0   0   0   0   0   0   0   0 100
Fede_Ricca    22 uru  1 18 11  5 30 100 300 100 100   0   0    0   0   0   0   0   0   0   0   0   0   0   0 100
Daniel_Díaz   36 arg  1 18  1  1 30 100 150 100 100   0   0    0   0   0   0   0   0   0   0   0   0   0   0 100
J_Basanta     32 arg  1 18  1  1 30 100 150 100 100   0   0    0   0   0   0   0   0   0   0   0   0   0   0 100
Jason_Denayer 21 bel  1 18  1  1 30 100 150 100 100   0   0    0   0   0   0   0   0   0   0   0   0   0   0 100
L_De_Bock     24 bel  1 18  9  5 30 100 150 100 100   0   0    0   0   0   0   0   0   0   0   0   0   0   0 100
L_Jiménez     27 col  1 18  1  1 30 100 150 100 100   0   0    0   0   0   0   0   0   0   0   0   0   0   0 100
D_Bocanegra   29 col  1 18  9  5 30 100 150 100 100   0   0    0   0   0   0   0   0   0   0   0   0   0   0 100
Antonio_Milic 23 cro  1 18  1  1 30 100 150 100 100   0   0    0   0   0   0   0   0   0   0   0   0   0   0 100
Hrvoje_Milic  27 cro  1 18  9  5 30 100 150 100 100   0   0    0   0   0   0   0   0   0   0   0   0   0   0 100
Ben_Mee       27 eng  1 18  9  5 30 100 150 100 100   0   0    0   0   0   0   0   0   0   0   0   0   0   0 100
T_Hernández   19 fra  1 18  9  5 30 100 150 100 100   0   0    0   0   0   0   0   0   0   0   0   0   0   0 100
M_Caldara     22 ita  1 18  1  1 30 100 150 100 100   0   0    0   0   0   0   0   0   0   0   0   0   0   0 100
Adam_Masina   23 ita  1 18  9  5 30 100 150 100 100   0   0    0   0   0   0   0   0   0   0   0   0   0   0 100
A_Barreca     22 ita  1 18 11  5 30 100 150 100 100   0   0    0   0   0   0   0   0   0   0   0   0   0   0 100
C_Salcedo     23 mex  1 18  1  1 30 100 150 100 100   0   0    0   0   0   0   0   0   0   0   0   0   0   0 100
César_Montes  20 mex  1 18  1  1 30 100 150 100 100   0   0    0   0   0   0   0   0   0   0   0   0   0   0 100
Sven_van_Beek 22 ned  1 18  1  1 30 100 150 100 100   0   0    0   0   0   0   0   0   0   0   0   0   0   0 100
T_Letschert   23 ned  1 18  1  1 30 100 150 100 100   0   0    0   0   0   0   0   0   0   0   0   0   0   0 100
M_Dijks       24 ned  1 18  9  4 30 100 150 100 100   0   0    0   0   0   0   0   0   0   0   0   0   0   0 100
R_van_Rhijn   25 ned  1 18 11  5 30 100 150 100 100   0   0    0   0   0   0   0   0   0   0   0   0   0   0 100
F_Venâncio    24 por  1 18  1  1 30 100 150 100 100   0   0    0   0   0   0   0   0   0   0   0   0   0   0 100
Tiago_Pinto   29 por  1 18 11  5 30 100 150 100 100   0   0    0   0   0   0   0   0   0   0   0   0   0   0 100
E_Johansson   28 swe  1 18  1  1 30 100 150 100 100   0   0    0   0   0   0   0   0   0   0   0   0   0   0 100
F_Helander    23 swe  1 18  1  1 30 100 150 100 100   0   0    0   0   0   0   0   0   0   0   0   0   0   0 100
Niklas_Hult   27 swe  1 18 11  6 30 100 150 100 100   0   0    0   0   0   0   0   0   0   0   0   0   0   0 100
Nico_Elvedi   22 sui  1 18  1  1 30 100 150 100 100   0   0    0   0   0   0   0   0   0   0   0   0   0   0 100
Emiliano_V    22 uru  1 18  1  1 30 100 150 100 100   0   0    0   0   0   0   0   0   0   0   0   0   0   0 100
D_Suárez      28 uru  1 18 11  5 30 100 150 100 100   0   0    0   0   0   0   0   0   0   0   0   0   0   0 100
G_Margreitter 28 aut  1 17  1  1 30 100 900 100 100   0   0    0   0   0   0   0   0   0   0   0   0   0   0 100
M_Suttner     29 aut  1 17 10  5 30 100 900 100 100   0   0    0   0   0   0   0   0   0   0   0   0   0   0 100
S_Dewaest     25 bel  1 17  1  1 30 100 900 100 100   0   0    0   0   0   0   0   0   0   0   0   0   0   0 100
J_Lukaku      22 bel  1 17 10  5 30 100 900 100 100   0   0    0   0   0   0   0   0   0   0   0   0   0   0 100
Thomas_Foket  22 bel  1 17 10  6 30 100 900 100 100   0   0    0   0   0   0   0   0   0   0   0   0   0   0 100
Farid_Díaz    33 col  1 17  5  4 30 100 900 100 100   0   0    0   0   0   0   0   0   0   0   0   0   0   0 100
Ben_Gibson    24 eng  1 17  1  1 30 100 900 100 100   0   0    0   0   0   0   0   0   0   0   0   0   0   0 100
C_Taylor      23 eng  1 17 10  5 30 100 900 100 100   0   0    0   0   0   0   0   0   0   0   0   0   0   0 100
Sam_Byram     23 eng  1 17 10  6 30 100 900 100 100   0   0    0   0   0   0   0   0   0   0   0   0   0   0 100
Néstor_Araujo 25 mex  1 17  1  1 30 100 900 100 100   0   0    0   0   0   0   0   0   0   0   0   0   0   0 100
Luis_Fuentes  30 mex  1 17 10  5 30 100 900 100 100   0   0    0   0   0   0   0   0   0   0   0   0   0   0 100
Igor_Lewczuk  31 pol  1 17  1  1 30 100 900 100 100   0   0    0   0   0   0   0   0   0   0   0   0   0   0 100
P_Olkowski    27 pol  1 17 10  5 30 100 900 100 100   0   0    0   0   0   0   0   0   0   0   0   0   0   0 100
B_Bereszynski 24 pol  1 17 10  5 30 100 900 100 100   0   0    0   0   0   0   0   0   0   0   0   0   0   0 100
Pedro_Mendes  26 por  1 17  1  1 30 100 900 100 100   0   0    0   0   0   0   0   0   0   0   0   0   0   0 100
Josué_Sá      24 por  1 17  1  1 30 100 900 100 100   0   0    0   0   0   0   0   0   0   0   0   0   0   0 100
Mikale_Lustig 30 swe  1 17  9  4 30 100 900 100 100   0   0    0   0   0   0   0   0   0   0   0   0   0   0 100
Pierre_B      28 swe  1 17 10  5 30 100 900 100 100   0   0    0   0   0   0   0   0   0   0   0   0   0   0 100
Reto_Ziegler  31 sui  1 17  1  1 30 100 900 100 100   0   0    0   0   0   0   0   0   0   0   0   0   0   0 100
Saulo_Decarli 25 sui  1 17  1  1 30 100 900 100 100   0   0    0   0   0   0   0   0   0   0   0   0   0   0 100
F_Moubandje   26 sui  1 17  9  4 30 100 900 100 100   0   0    0   0   0   0   0   0   0   0   0   0   0   0 100
Florian_Klein 30 aut  1 17 10  6 30 100 770 100 100   0   0    0   0   0   0   0   0   0   0   0   0   0   0 100
Andreas_Ulmer 31 aut  1 17 10  5 30 100 770 100 100   0   0    0   0   0   0   0   0   0   0   0   0   0   0 100
T_Castagne    21 bel  1 17 10  6 30 100 770 100 100   0   0    0   0   0   0   0   0   0   0   0   0   0   0 100
L_P_Cavanda   26 bel  1 17 10  6 30 100 770 100 100   0   0    0   0   0   0   0   0   0   0   0   0   0   0 100
M_Piedrahita  31 col  1 17  5  4 30 100 770 100 100   0   0    0   0   0   0   0   0   0   0   0   0   0   0 100
E_Hernández   30 mex  1 17  9  4 30 100 770 100 100   0   0    0   0   0   0   0   0   0   0   0   0   0   0 100
I_Jiménez     27 mex  1 17 10  5 30 100 770 100 100   0   0    0   0   0   0   0   0   0   0   0   0   0   0 100
Rafa_Soares   21 por  1 17 10  5 30 100 770 100 100   0   0    0   0   0   0   0   0   0   0   0   0   0   0 100
Rasmus_B      30 swe  1 17  1  1 30 100 770 100 100   0   0    0   0   0   0   0   0   0   0   0   0   0   0 100
A_Milosevic   25 swe  1 17  1  1 30 100 770 100 100   0   0    0   0   0   0   0   0   0   0   0   0   0   0 100
Johan_Larsson 26 swe  1 17 10  5 30 100 770 100 100   0   0    0   0   0   0   0   0   0   0   0   0   0   0 100
Emil_Krafth   22 swe  1 17 10  5 30 100 770 100 100   0   0    0   0   0   0   0   0   0   0   0   0   0   0 100
Ludwig_A      22 swe  1 17 10  5 30 100 770 100 100   0   0    0   0   0   0   0   0   0   0   0   0   0   0 100
Léo_Lacroix   25 sui  1 17  1  1 30 100 770 100 100   0   0    0   0   0   0   0   0   0   0   0   0   0   0 100
Gaston_Silva  23 uru  1 17  1  1 30 100 770 100 100   0   0    0   0   0   0   0   0   0   0   0   0   0   0 100
Alex_Silva    27 uru  1 17  9  4 30 100 770 100 100   0   0    0   0   0   0   0   0   0   0   0   0   0   0 100
Joel_Lynch    29 wal  1 17  1  1 30 100 640 100 100   0   0    0   0   0   0   0   0   0   0   0   0   0   0 100
Paul_Dummett  25 wal  1 17 10  5 30 100 640 100 100   0   0    0   0   0   0   0   0   0   0   0   0   0   0 100
Chris_Gunter  27 wal  1 17 10  5 30 100 640 100 100   0   0    0   0   0   0   0   0   0   0   0   0   0   0 100
Adam_Matthews 25 wal  1 17 10  5 30 100 640 100 100   0   0    0   0   0   0   0   0   0   0   0   0   0   0 100
Michael_Madl  29 aut  1 17  1  1 30 100 640 100 100   0   0    0   0   0   0   0   0   0   0   0   0   0   0 100
C_Fiore       22 bel  1 17  1  1 30 100 640 100 100   0   0    0   0   0   0   0   0   0   0   0   0   0   0 100
O_González    32 chi  1 17  1  1 30 100 640 100 100   0   0    0   0   0   0   0   0   0   0   0   0   0   0 100
Pedro_Franco  25 col  1 17  1  1 30 100 640 100 100   0   0    0   0   0   0   0   0   0   0   0   0   0   0 100
M_Mitrovic    23 cro  1 17  1  1 30 100 640 100 100   0   0    0   0   0   0   0   0   0   0   0   0   0   0 100
Marin_Leovac  28 cro  1 17  9  4 30 100 640 100 100   0   0    0   0   0   0   0   0   0   0   0   0   0   0 100
J_Domínguez   29 mex  1 17  1  1 30 100 640 100 100   0   0    0   0   0   0   0   0   0   0   0   0   0   0 100
Enrique_Pérez 28 mex  1 17  1  1 30 100 640 100 100   0   0    0   0   0   0   0   0   0   0   0   0   0   0 100
E_García      27 mex  1 17  9  5 30 100 640 100 100   0   0    0   0   0   0   0   0   0   0   0   0   0   0 100
F_Navarro     27 mex  1 17 10  6 30 100 640 100 100   0   0    0   0   0   0   0   0   0   0   0   0   0   0 100
José_Abella   23 mex  1 17  9  4 30 100 640 100 100   0   0    0   0   0   0   0   0   0   0   0   0   0   0 100
Jesús_Sánchez 27 mex  1 17  9  4 30 100 640 100 100   0   0    0   0   0   0   0   0   0   0   0   0   0   0 100
Raúl_López    24 mex  1 17  9  4 30 100 640 100 100   0   0    0   0   0   0   0   0   0   0   0   0   0   0 100
Érick_Aguirre 20 mex  1 17  9  5 30 100 640 100 100   0   0    0   0   0   0   0   0   0   0   0   0   0   0 100
B_Salamon     25 pol  1 17  1  1 30 100 640 100 100   0   0    0   0   0   0   0   0   0   0   0   0   0   0 100
M_Bjarsmyr    31 swe  1 17  1  1 30 100 640 100 100   0   0    0   0   0   0   0   0   0   0   0   0   0   0 100
M_Johansson   25 swe  1 17 10  4 30 100 640 100 100   0   0    0   0   0   0   0   0   0   0   0   0   0   0 100
S_von_Bergen  33 sui  1 17  1  1 30 100 640 100 100   0   0    0   0   0   0   0   0   0   0   0   0   0   0 100
Loris_Benito  25 sui  1 17  9  4 30 100 640 100 100   0   0    0   0   0   0   0   0   0   0   0   0   0   0 100
F_Hadergjonaj 22 sui  1 17 10  5 30 100 640 100 100   0   0    0   0   0   0   0   0   0   0   0   0   0   0 100
R_Herrera     28 uru  1 17  1  1 30 100 640 100 100   0   0    0   0   0   0   0   0   0   0   0   0   0   0 100
Jazz_Richards 25 wal  1 17  9  4 30 100 510 100 100   0   0    0   0   0   0   0   0   0   0   0   0   0   0 100
Stefan_Stangl 25 aut  1 17  9  4 30 100 510 100 100   0   0    0   0   0   0   0   0   0   0   0   0   0   0 100
C_Trimmel     30 aut  1 17 10  5 30 100 510 100 100   0   0    0   0   0   0   0   0   0   0   0   0   0   0 100
Bernardo      21 bra  1 17  9  4 30 100 510 100 100   0   0    0   0   0   0   0   0   0   0   0   0   0   0 100
Bryan_Verboom 25 bel  1 17 10  5 30 100 510 100 100   0   0    0   0   0   0   0   0   0   0   0   0   0   0 100
Paulo_Díaz    22 chi  1 17  1  1 30 100 510 100 100   0   0    0   0   0   0   0   0   0   0   0   0   0   0 100
C_Vilches     33 chi  1 17  1  1 30 100 510 100 100   0   0    0   0   0   0   0   0   0   0   0   0   0   0 100
M_Albornoz    26 chi  1 17  9  3 30 100 510 100 100   0   0    0   0   0   0   0   0   0   0   0   0   0   0 100
S_Magnasco    24 chi  1 17  9  4 30 100 510 100 100   0   0    0   0   0   0   0   0   0   0   0   0   0   0 100
J_Simunovic   22 cro  1 17  1  1 30 100 510 100 100   0   0    0   0   0   0   0   0   0   0   0   0   0   0 100
D_Caleta-Car  20 cro  1 17  1  1 30 100 510 100 100   0   0    0   0   0   0   0   0   0   0   0   0   0   0 100
Hiram_Mier    27 mex  1 17  1  1 30 100 510 100 100   0   0    0   0   0   0   0   0   0   0   0   0   0   0 100
E_Velarde     30 mex  1 17 10  5 30 100 510 100 100   0   0    0   0   0   0   0   0   0   0   0   0   0   0 100
A_Aldrete     28 mex  1 17  9  4 30 100 510 100 100   0   0    0   0   0   0   0   0   0   0   0   0   0   0 100
G_Rodríguez   31 mex  1 17  9  4 30 100 510 100 100   0   0    0   0   0   0   0   0   0   0   0   0   0   0 100
Miguel_Ponce  27 mex  1 17  9  4 30 100 510 100 100   0   0    0   0   0   0   0   0   0   0   0   0   0   0 100
M_Kaminski    25 pol  1 17  1  1 30 100 510 100 100   0   0    0   0   0   0   0   0   0   0   0   0   0   0 100
T_Kedziora    22 pol  1 17  9  4 30 100 510 100 100   0   0    0   0   0   0   0   0   0   0   0   0   0   0 100
E_Bergstrom   23 swe  1 17  1  1 30 100 510 100 100   0   0    0   0   0   0   0   0   0   0   0   0   0   0 100
Moritz_Bauer  25 sui  1 17  9  4 30 100 510 100 100   0   0    0   0   0   0   0   0   0   0   0   0   0   0 100
M_Olivera     25 uru  1 17 10  5 30 100 510 100 100   0   0    0   0   0   0   0   0   0   0   0   0   0   0 100
Craig_Morgan  31 wal  1 17  1  1 30 100 380 100 100   0   0    0   0   0   0   0   0   0   0   0   0   0   0 100
Rhoys_Wiggins 29 wal  1 17  9  4 30 100 380 100 100   0   0    0   0   0   0   0   0   0   0   0   0   0   0 100
P_Netzer      31 aut  1 17  1  1 30 100 380 100 100   0   0    0   0   0   0   0   0   0   0   0   0   0   0 100
C_Cuevas      22 chi  1 17 10  5 30 100 380 100 100   0   0    0   0   0   0   0   0   0   0   0   0   0   0 100
Stefan_Medina 24 col  1 17  5  4 30 100 380 100 100   0   0    0   0   0   0   0   0   0   0   0   0   0   0 100
R_Cereceda    32 chi  1 17  9  4 30 100 250 100 100   0   0    0   0   0   0   0   0   0   0   0   0   0   0 100
P_Magalhães   27 chi  1 17  9  4 30 100 250 100 100   0   0    0   0   0   0   0   0   0   0   0   0   0   0 100
Hans_Martínez 30 chi  1 17  1  1 30 100 120 100 100   0   0    0   0   0   0   0   0   0   0   0   0   0   0 100
Erick_Cabaco  21 uru  1 17  1  1 30 100 120 100 100   0   0    0   0   0   0   0   0   0   0   0   0   0   0 100
Ivan_Tomecak  27 cro  1 16  8  4 30 100 900 100 100   0   0    0   0   0   0   0   0   0   0   0   0   0   0 100
Oscar         25 bra  1  1 19 17 30 100 100 720 100   0   0    0   0   0   0   0   0   0   0   0   0   0   0 100
Borja_Valero  32 esp  1  7 19 12 30 100 100 720 100   0   0    0   0   0   0   0   0   0   0   0   0   0   0 100
W_Sneijder    32 ned  1  1 19 17 30 100 100 720 100   0   0    0   0   0   0   0   0   0   0   0   0   0   0 100
W_Carvalho    24 por  1 18 19  1 30 100 100 720 100   0   0    0   0   0   0   0   0   0   0   0   0   0   0 100
Adrien_Silva  28 por  1 13 19  6 30 100 100 720 100   0   0    0   0   0   0   0   0   0   0   0   0   0   0 100
M_Arnautovic  27 aut  1  1 19 17 30 100 100 540 100   0   0    0   0   0   0   0   0   0   0   0   0   0   0 100
Luiz_Gustavo  29 bra  1 18 19  1 30 100 100 540 100   0   0    0   0   0   0   0   0   0   0   0   0   0   0 100
Marlos        28 bra  1  1 19 17 30 100 100 540 100   0   0    0   0   0   0   0   0   0   0   0   0   0   0 100
Taison        29 bra  1  1 19 17 30 100 100 540 100   0   0    0   0   0   0   0   0   0   0   0   0   0   0 100
Lucas_Biglia  30 arg  1 18 19  1 30 100 100 540 100   0   0    0   0   0   0   0   0   0   0   0   0   0   0 100
Axel_Witsel   28 bel  1 13 19  6 30 100 100 540 100   0   0    0   0   0   0   0   0   0   0   0   0   0   0 100
Jack_Wilshere 25 eng  1  8 19 11 30 100 100 540 100   0   0    0   0   0   0   0   0   0   0   0   0   0   0 100
Roque_Mesa    28 esp  1 13 19  6 30 100 100 540 100   0   0    0   0   0   0   0   0   0   0   0   0   0   0 100
Beñat         30 esp  1  7 19 12 30 100 100 540 100   0   0    0   0   0   0   0   0   0   0   0   0   0   0 100
J_Viera       27 esp  1  1 19 18 30 100 100 540 100   0   0    0   0   0   0   0   0   0   0   0   0   0   0 100
Schwensteiger 32 ger  1 12 19  7 30 100 100 540 100   0   0    0   0   0   0   0   0   0   0   0   0   0   0 100
Andrea_Pirlo  38 ita  1 12 19  7 30 100 100 540 100   0   0    0   0   0   0   0   0   0   0   0   0   0   0 100
X_Shaqiri     25 sui  1  1 19 18 30 100 100 540 100   0   0    0   0   0   0   0   0   0   0   0   0   0   0 100
Paulinho      28 bra  1 13 19  6 30 100 100 360 100   0   0    0   0   0   0   0   0   0   0   0   0   0   0 100
R_Augusto     29 bra  1  6 19 13 30 100 100 360 100   0   0    0   0   0   0   0   0   0   0   0   0   0   0 100
F_Anderson    23 bra  1  1 19 18 30 100 100 360 100   0   0    0   0   0   0   0   0   0   0   0   0   0   0 100
R_Pereyra     25 arg  1  6 19 13 30 100 100 360 100   0   0    0   0   0   0   0   0   0   0   0   0   0   0 100
M_San_José    27 esp  1 17 19  2 30 100 100 360 100   0   0    0   0   0   0   0   0   0   0   0   0   0   0 100
I_Camacho     26 esp  1 18 19  1 30 100 100 360 100   0   0    0   0   0   0   0   0   0   0   0   0   0   0 100
A_Iturraspe   28 esp  1 17 19  2 30 100 100 360 100   0   0    0   0   0   0   0   0   0   0   0   0   0   0 100
Raúl_García   30 esp  1  1 19 18 30 100 100 360 100   0   0    0   0   0   0   0   0   0   0   0   0   0   0 100
Marco_Parolo  32 ita  1 12 19  7 30 100 100 360 100   0   0    0   0   0   0   0   0   0   0   0   0   0   0 100
Bernardeschi  23 ita  1  1 19 18 30 100 100 360 100   0   0    0   0   0   0   0   0   0   0   0   0   0   0 100
Quincy_Promes 25 ned  1  1 19 18 30 100 100 360 100   0   0    0   0   0   0   0   0   0   0   0   0   0   0 100
F_Belluschi   32 arg  1  1 19 18 30 100 100 180 100   0   0    0   0   0   0   0   0   0   0   0   0   0   0 100
T_Hazard      24 bel  1  1 19 18 30 100 100 180 100   0   0    0   0   0   0   0   0   0   0   0   0   0   0 100
Marcelo_Díaz  30 chi  1 18 19  1 30 100 100 180 100   0   0    0   0   0   0   0   0   0   0   0   0   0   0 100
P_Hernández   30 chi  1  7 19 12 30 100 100 180 100   0   0    0   0   0   0   0   0   0   0   0   0   0   0 100
J_Guilavogui  26 fra  1 18 19  1 30 100 100 180 100   0   0    0   0   0   0   0   0   0   0   0   0   0   0 100
Yohan_Cabaye  31 fra  1 13 19  6 30 100 100 180 100   0   0    0   0   0   0   0   0   0   0   0   0   0   0 100
Jeremain_Lens 29 ned  1  1 19 18 30 100 100 180 100   0   0    0   0   0   0   0   0   0   0   0   0   0   0 100
G_Martins     21 por  1  1 19 18 30 100 100 180 100   0   0    0   0   0   0   0   0   0   0   0   0   0   0 100
E_Forsberg    25 swe  1  1 19 18 30 100 100 180 100   0   0    0   0   0   0   0   0   0   0   0   0   0   0 100
Fernando      25 bra  1 17 18  1 30 100 100 900 100   0   0    0   0   0   0   0   0   0   0   0   0   0   0 100
Bernard       24 bra  1  1 18 17 30 100 100 900 100   0   0    0   0   0   0   0   0   0   0   0   0   0   0 100
M_Lanzini     23 arg  1  1 18 16 30 100 100 900 100   0   0    0   0   0   0   0   0   0   0   0   0   0   0 100
J_Valdivia    33 chi  1  1 18 16 30 100 100 900 100   0   0    0   0   0   0   0   0   0   0   0   0   0   0 100
Illarramendi  27 esp  1 17 18  1 30 100 100 900 100   0   0    0   0   0   0   0   0   0   0   0   0   0   0 100
G_Imbula      24 fra  1 17 18  1 30 100 100 900 100   0   0    0   0   0   0   0   0   0   0   0   0   0   0 100
Yann_M'Vila   26 fra  1 16 18  2 30 100 100 900 100   0   0    0   0   0   0   0   0   0   0   0   0   0   0 100
Y_Gourcuff    30 fra  1  1 18 17 30 100 100 900 100   0   0    0   0   0   0   0   0   0   0   0   0   0   0 100
M_Dahoud      21 ger  1 11 18  7 30 100 100 900 100   0   0    0   0   0   0   0   0   0   0   0   0   0   0 100
Marco_Benassi 22 ita  1 10 18  8 30 100 100 900 100   0   0    0   0   0   0   0   0   0   0   0   0   0   0 100
I_Afellay     31 ned  1  1 18 16 30 100 100 900 100   0   0    0   0   0   0   0   0   0   0   0   0   0   0 100
Miguel_Veloso 30 por  1 16 18  2 30 100 100 900 100   0   0    0   0   0   0   0   0   0   0   0   0   0   0 100
M_Fernandes   31 por  1  6 18 12 30 100 100 900 100   0   0    0   0   0   0   0   0   0   0   0   0   0   0 100
Vieirinha     31 por  1  1 18 17 30 100 100 900 100   0   0    0   0   0   0   0   0   0   0   0   0   0   0 100
Nico_Lodeiro  28 uru  1  1 18 16 30 100 100 900 100   0   0    0   0   0   0   0   0   0   0   0   0   0   0 100
G_Ramirez     26 uru  1  1 18 16 30 100 100 900 100   0   0    0   0   0   0   0   0   0   0   0   0   0   0 100
Joe_Allen     27 wal  1 10 18  8 30 100 100 750 100   0   0    0   0   0   0   0   0   0   0   0   0   0   0 100
Z_Junuzovic   29 aut  1  6 18 12 30 100 100 750 100   0   0    0   0   0   0   0   0   0   0   0   0   0   0 100
Y_Tielemans   19 bel  1  8 18 10 30 100 100 750 100   0   0    0   0   0   0   0   0   0   0   0   0   0   0 100
Steven_Defour 28 bel  1 10 18  8 30 100 100 750 100   0   0    0   0   0   0   0   0   0   0   0   0   0   0 100
Nacer_Chadli  27 bel  1  1 18 16 30 100 100 750 100   0   0    0   0   0   0   0   0   0   0   0   0   0   0 100
Milan_Badelj  28 cro  1 17 18  1 30 100 100 750 100   0   0    0   0   0   0   0   0   0   0   0   0   0   0 100
Jack_Cork     27 eng  1 17 18  1 30 100 100 750 100   0   0    0   0   0   0   0   0   0   0   0   0   0   0 100
Mark_Noble    29 eng  1 11 18  7 30 100 100 750 100   0   0    0   0   0   0   0   0   0   0   0   0   0   0 100
Javi_García   30 esp  1 17 18  1 30 100 100 750 100   0   0    0   0   0   0   0   0   0   0   0   0   0   0 100
Dani_Ceballos 20 esp  1  8 18 10 30 100 100 750 100   0   0    0   0   0   0   0   0   0   0   0   0   0   0 100
C_Tello       25 esp  1  1 18 16 30 100 100 750 100   0   0    0   0   0   0   0   0   0   0   0   0   0   0 100
Pedro_León    30 esp  1  1 18 17 30 100 100 750 100   0   0    0   0   0   0   0   0   0   0   0   0   0   0 100
É_Capoue      28 fra  1 16 18  2 30 100 100 750 100   0   0    0   0   0   0   0   0   0   0   0   0   0   0 100
C_Kramer      26 ger  1 17 18  1 30 100 100 750 100   0   0    0   0   0   0   0   0   0   0   0   0   0   0 100
Marco_Fabián  27 mex  1  1 18 17 30 100 100 750 100   0   0    0   0   0   0   0   0   0   0   0   0   0   0 100
Jordy_Clasie  25 ned  1 17 18  1 30 100 100 750 100   0   0    0   0   0   0   0   0   0   0   0   0   0   0 100
Nigel_de_Jong 32 ned  1 17 18  1 30 100 100 750 100   0   0    0   0   0   0   0   0   0   0   0   0   0   0 100
Ruud_Vormer   28 ned  1  9 18  9 30 100 100 750 100   0   0    0   0   0   0   0   0   0   0   0   0   0   0 100
Blasczykowski 31 pol  1  1 18 17 30 100 100 750 100   0   0    0   0   0   0   0   0   0   0   0   0   0   0 100
Rasmus_Elm    29 swe  1 16 18  2 30 100 100 750 100   0   0    0   0   0   0   0   0   0   0   0   0   0   0 100
C_Sánchez     32 uru  1  1 18 17 30 100 100 750 100   0   0    0   0   0   0   0   0   0   0   0   0   0   0 100
Souza         28 bra  1 12 18  6 30 100 100 600 100   0   0    0   0   0   0   0   0   0   0   0   0   0   0 100
L_Dendoncker  21 bel  1 17 18  1 30 100 100 600 100   0   0    0   0   0   0   0   0   0   0   0   0   0   0 100
G_Gillet      33 bel  1 17 18  1 30 100 100 600 100   0   0    0   0   0   0   0   0   0   0   0   0   0   0 100
Dennis_Praet  22 bel  1  6 18 12 30 100 100 600 100   0   0    0   0   0   0   0   0   0   0   0   0   0   0 100
Vadis_O-Ofoe  28 bel  1 11 18  7 30 100 100 600 100   0   0    0   0   0   0   0   0   0   0   0   0   0   0 100
Carlos_Sáncez 31 col  1 16 18  2 30 100 100 600 100   0   0    0   0   0   0   0   0   0   0   0   0   0   0 100
Daniel_Torres 27 col  1 17 18  1 30 100 100 600 100   0   0    0   0   0   0   0   0   0   0   0   0   0   0 100
A_Halilovic   20 cro  1  1 18 17 30 100 100 600 100   0   0    0   0   0   0   0   0   0   0   0   0   0   0 100
L_Cattermole  29 eng  1 17 18  1 30 100 100 600 100   0   0    0   0   0   0   0   0   0   0   0   0   0   0 100
Jonjo_Shelvey 25 eng  1 10 18  8 30 100 100 600 100   0   0    0   0   0   0   0   0   0   0   0   0   0   0 100
Tom_Cleverley 27 eng  1  7 18 11 30 100 100 600 100   0   0    0   0   0   0   0   0   0   0   0   0   0   0 100
Jay_Rodríguez 27 eng  1  1 18 17 30 100 100 600 100   0   0    0   0   0   0   0   0   0   0   0   0   0   0 100
A_Townsend    25 eng  1  1 18 17 30 100 100 600 100   0   0    0   0   0   0   0   0   0   0   0   0   0   0 100
M_Llorente    22 esp  1 16 18  2 30 100 100 600 100   0   0    0   0   0   0   0   0   0   0   0   0   0   0 100
David_López   27 esp  1 17 18  1 30 100 100 600 100   0   0    0   0   0   0   0   0   0   0   0   0   0   0 100
P_Mosquera    28 esp  1 11 18  7 30 100 100 600 100   0   0    0   0   0   0   0   0   0   0   0   0   0   0 100
Serge_Gnabry  21 ger  1  1 18 17 30 100 100 600 100   0   0    0   0   0   0   0   0   0   0   0   0   0   0 100
N_Müller      29 ger  1  1 18 17 30 100 100 600 100   0   0    0   0   0   0   0   0   0   0   0   0   0   0 100
Leroy_Fer     27 ned  1  7 18 11 30 100 100 600 100   0   0    0   0   0   0   0   0   0   0   0   0   0   0 100
Tonny_Vilhena 22 ned  1  8 18 10 30 100 100 600 100   0   0    0   0   0   0   0   0   0   0   0   0   0   0 100
J_Toornstra   28 ned  1  1 18 17 30 100 100 600 100   0   0    0   0   0   0   0   0   0   0   0   0   0   0 100
J_de_Guzmán   29 ned  1  1 18 17 30 100 100 600 100   0   0    0   0   0   0   0   0   0   0   0   0   0   0 100
E_Polanski    31 pol  1 16 18  2 30 100 100 600 100   0   0    0   0   0   0   0   0   0   0   0   0   0   0 100
B_Fernandes   22 por  1  1 18 17 30 100 100 600 100   0   0    0   0   0   0   0   0   0   0   0   0   0   0 100
V_Behrami     31 sui  1 17 18  1 30 100 100 600 100   0   0    0   0   0   0   0   0   0   0   0   0   0   0 100
Gokham_Inler  32 sui  1 12 18  6 30 100 100 600 100   0   0    0   0   0   0   0   0   0   0   0   0   0   0 100
T_Barnetta    31 sui  1  1 18 16 30 100 100 600 100   0   0    0   0   0   0   0   0   0   0   0   0   0   0 100
V_Stocker     27 sui  1  1 18 16 30 100 100 600 100   0   0    0   0   0   0   0   0   0   0   0   0   0   0 100
M_Vecino      25 uru  1 12 18  6 30 100 100 600 100   0   0    0   0   0   0   0   0   0   0   0   0   0   0 100
M_Sabitzer    23 aut  1  1 18 17 30 100 100 450 100   0   0    0   0   0   0   0   0   0   0   0   0   0   0 100
Danilo_B      21 bra  1 16 18  2 30 100 100 450 100   0   0    0   0   0   0   0   0   0   0   0   0   0   0 100
L_Ponzio      34 arg  1 17 18  1 30 100 100 450 100   0   0    0   0   0   0   0   0   0   0   0   0   0   0 100
Sven_Kums     29 bel  1 17 18  1 30 100 100 450 100   0   0    0   0   0   0   0   0   0   0   0   0   0   0 100
Hans_Vanaken  24 bel  1  1 18 17 30 100 100 450 100   0   0    0   0   0   0   0   0   0   0   0   0   0   0 100
Adnan_Januzaj 22 bel  1  1 18 16 30 100 100 450 100   0   0    0   0   0   0   0   0   0   0   0   0   0   0 100
F_Gutiérrez   26 chi  1  7 18 11 30 100 100 450 100   0   0    0   0   0   0   0   0   0   0   0   0   0   0 100
Édson_Puch    30 chi  1  1 18 17 30 100 100 450 100   0   0    0   0   0   0   0   0   0   0   0   0   0   0 100
S_Pérez       24 col  1 16 18  2 30 100 100 450 100   0   0    0   0   0   0   0   0   0   0   0   0   0   0 100
A_Mejía       28 col  1 17 18  1 30 100 100 450 100   0   0    0   0   0   0   0   0   0   0   0   0   0   0 100
M_Torres      32 col  1  1 18 16 30 100 100 450 100   0   0    0   0   0   0   0   0   0   0   0   0   0   0 100
J_Ward-Prowse 22 eng  1  8 18 10 30 100 100 450 100   0   0    0   0   0   0   0   0   0   0   0   0   0   0 100
S_Sinclair    28 eng  1  1 18 17 30 100 100 450 100   0   0    0   0   0   0   0   0   0   0   0   0   0   0 100
Pedro_Obiang  25 esp  1 12 18  6 30 100 100 450 100   0   0    0   0   0   0   0   0   0   0   0   0   0   0 100
L_Öztunali    21 ger  1  1 18 16 30 100 100 450 100   0   0    0   0   0   0   0   0   0   0   0   0   0   0 100
A_Aquilani    32 ita  1 11 18  7 30 100 100 450 100   0   0    0   0   0   0   0   0   0   0   0   0   0   0 100
Fabio_Borini  27 ita  1  1 18 17 30 100 100 450 100   0   0    0   0   0   0   0   0   0   0   0   0   0   0 100
É_Gutiérrez   21 mex  1 11 18  7 30 100 100 450 100   0   0    0   0   0   0   0   0   0   0   0   0   0   0 100
Javier_Aquino 27 mex  1  1 18 17 30 100 100 450 100   0   0    0   0   0   0   0   0   0   0   0   0   0   0 100
Stijn_Schaars 33 ned  1 16 18  2 30 100 100 450 100   0   0    0   0   0   0   0   0   0   0   0   0   0   0 100
M_de_Roon     26 ned  1 11 18  7 30 100 100 450 100   0   0    0   0   0   0   0   0   0   0   0   0   0   0 100
Josué         26 por  1  1 18 16 30 100 100 450 100   0   0    0   0   0   0   0   0   0   0   0   0   0   0 100
Carlos_Mané   23 por  1  1 18 16 30 100 100 450 100   0   0    0   0   0   0   0   0   0   0   0   0   0   0 100
Albin_Ekdal   27 swe  1 11 18  7 30 100 100 450 100   0   0    0   0   0   0   0   0   0   0   0   0   0   0 100
J_Durmaz      28 swe  1  1 18 17 30 100 100 450 100   0   0    0   0   0   0   0   0   0   0   0   0   0   0 100
G_Fernandes   30 sui  1 17 18  1 30 100 100 450 100   0   0    0   0   0   0   0   0   0   0   0   0   0   0 100
P_Schwegler   30 sui  1 16 18  2 30 100 100 450 100   0   0    0   0   0   0   0   0   0   0   0   0   0   0 100
Lustenberger  28 sui  1 17 18  1 30 100 100 450 100   0   0    0   0   0   0   0   0   0   0   0   0   0   0 100
Fabian_Frei   28 sui  1  9 18  9 30 100 100 450 100   0   0    0   0   0   0   0   0   0   0   0   0   0   0 100
M_Pereyra     27 uru  1  6 18 12 30 100 100 450 100   0   0    0   0   0   0   0   0   0   0   0   0   0   0 100
S_Cristóforo  23 uru  1 12 18  6 30 100 100 450 100   0   0    0   0   0   0   0   0   0   0   0   0   0   0 100
Diego_Laxalt  24 uru  1  1 18 17 30 100 100 450 100   0   0    0   0   0   0   0   0   0   0   0   0   0   0 100
Edenilson     27 bra  1  1 18 17 30 100 100 300 100   0   0    0   0   0   0   0   0   0   0   0   0   0   0 100
Geoffrey_Bia  27 bel  1  1 18 16 30 100 100 300 100   0   0    0   0   0   0   0   0   0   0   0   0   0   0 100
C_Carmona     30 chi  1 12 18  6 30 100 100 300 100   0   0    0   0   0   0   0   0   0   0   0   0   0   0 100
C_Marrugo     31 col  1  6 18 12 30 100 100 300 100   0   0    0   0   0   0   0   0   0   0   0   0   0   0 100
Jack_Rodwell  26 eng  1 16 18  2 30 100 100 300 100   0   0    0   0   0   0   0   0   0   0   0   0   0   0 100
J_Livermore   27 eng  1 16 18  2 30 100 100 300 100   0   0    0   0   0   0   0   0   0   0   0   0   0   0 100
T_Huddlestone 30 eng  1 16 18  2 30 100 100 300 100   0   0    0   0   0   0   0   0   0   0   0   0   0   0 100
Ryan_Mason    25 eng  1 11 18  7 30 100 100 300 100   0   0    0   0   0   0   0   0   0   0   0   0   0   0 100
Will_Hughes   21 eng  1 10 18  8 30 100 100 300 100   0   0    0   0   0   0   0   0   0   0   0   0   0   0 100
S_Downing     32 eng  1  1 18 17 30 100 100 300 100   0   0    0   0   0   0   0   0   0   0   0   0   0   0 100
N_Redmond     23 eng  1  1 18 17 30 100 100 300 100   0   0    0   0   0   0   0   0   0   0   0   0   0   0 100
Oriol_Romeu   25 esp  1 17 18  1 30 100 100 300 100   0   0    0   0   0   0   0   0   0   0   0   0   0   0 100
D_Cataldi     22 ita  1 16 18  2 30 100 100 300 100   0   0    0   0   0   0   0   0   0   0   0   0   0   0 100
Jesús_Dueñas  28 mex  1 17 18  1 30 100 100 300 100   0   0    0   0   0   0   0   0   0   0   0   0   0   0 100
José_Vázquez  29 mex  1 17 18  1 30 100 100 300 100   0   0    0   0   0   0   0   0   0   0   0   0   0   0 100
O_Pineda      21 mex  1  9 18  8 30 100 100 300 100   0   0    0   0   0   0   0   0   0   0   0   0   0   0 100
R_Bazoer      20 ned  1 10 18  8 30 100 100 300 100   0   0    0   0   0   0   0   0   0   0   0   0   0   0 100
Yassin_Ayoub  23 ned  1  7 18 11 30 100 100 300 100   0   0    0   0   0   0   0   0   0   0   0   0   0   0 100
Ryan_Babel    30 ned  1  1 18 16 30 100 100 300 100   0   0    0   0   0   0   0   0   0   0   0   0   0   0 100
Dirk_Kuyt     36 ned  1  1 18 17 30 100 100 300 100   0   0    0   0   0   0   0   0   0   0   0   0   0   0 100
Karol_Linetty 22 pol  1 12 18  6 30 100 100 300 100   0   0    0   0   0   0   0   0   0   0   0   0   0   0 100
André_Martins 27 por  1  7 18 11 30 100 100 300 100   0   0    0   0   0   0   0   0   0   0   0   0   0   0 100
Hernâni       25 por  1  1 18 16 30 100 100 300 100   0   0    0   0   0   0   0   0   0   0   0   0   0   0 100
S_Larsson     31 swe  1  7 18 11 30 100 100 300 100   0   0    0   0   0   0   0   0   0   0   0   0   0   0 100
Luka_Zuffi    27 sui  1 16 18  2 30 100 100 300 100   0   0    0   0   0   0   0   0   0   0   0   0   0   0 100
B_Dzemaili    30 sui  1 11 18  7 30 100 100 300 100   0   0    0   0   0   0   0   0   0   0   0   0   0   0 100
R_Steffen     25 sui  1  1 18 17 30 100 100 300 100   0   0    0   0   0   0   0   0   0   0   0   0   0   0 100
L_Torreira    21 uru  1 16 18  2 30 100 100 300 100   0   0    0   0   0   0   0   0   0   0   0   0   0   0 100
Cris_Rguez    31 uru  1  1 18 17 30 100 100 300 100   0   0    0   0   0   0   0   0   0   0   0   0   0   0 100
Joe_Ledley    30 wal  1 16 18  2 30 100 100 150 100   0   0    0   0   0   0   0   0   0   0   0   0   0   0 100
S_Ilsanker    27 aut  1 17 18  1 30 100 100 150 100   0   0    0   0   0   0   0   0   0   0   0   0   0   0 100
Florian_Kainz 24 aut  1  1 18 17 30 100 100 150 100   0   0    0   0   0   0   0   0   0   0   0   0   0   0 100
Walace        21 bra  1 16 18  2 30 100 100 150 100   0   0    0   0   0   0   0   0   0   0   0   0   0   0 100
B_Dejaegere   25 bel  1  1 18 17 30 100 100 150 100   0   0    0   0   0   0   0   0   0   0   0   0   0   0 100
F_Silva       31 chi  1 17 18  1 30 100 100 150 100   0   0    0   0   0   0   0   0   0   0   0   0   0   0 100
Diego_Valdés  23 chi  1  1 18 17 30 100 100 150 100   0   0    0   0   0   0   0   0   0   0   0   0   0   0 100
D_Kreilach    27 cro  1  7 18 11 30 100 100 150 100   0   0    0   0   0   0   0   0   0   0   0   0   0   0 100
Jesús_Molina  29 mex  1 17 18  1 30 100 100 150 100   0   0    0   0   0   0   0   0   0   0   0   0   0   0 100
Antonio_Ríos  28 mex  1 11 18  7 30 100 100 150 100   0   0    0   0   0   0   0   0   0   0   0   0   0   0 100
R_Pizarro     23 mex  1 11 18  7 30 100 100 150 100   0   0    0   0   0   0   0   0   0   0   0   0   0   0 100
E_Hernández   28 mex  1  1 18 16 30 100 100 150 100   0   0    0   0   0   0   0   0   0   0   0   0   0   0 100
Adam_Maher    23 ned  1  1 18 16 30 100 100 150 100   0   0    0   0   0   0   0   0   0   0   0   0   0   0 100
André_Castro  29 por  1  6 18 12 30 100 100 150 100   0   0    0   0   0   0   0   0   0   0   0   0   0   0 100
Cafú          24 por  1 12 18  6 30 100 100 150 100   0   0    0   0   0   0   0   0   0   0   0   0   0   0 100
Robin_Quaison 23 swe  1  1 18 17 30 100 100 150 100   0   0    0   0   0   0   0   0   0   0   0   0   0   0 100
S_Zuber       25 sui  1  1 18 17 30 100 100 150 100   0   0    0   0   0   0   0   0   0   0   0   0   0   0 100
W_Gargano     32 uru  1 17 18  1 30 100 100 150 100   0   0    0   0   0   0   0   0   0   0   0   0   0   0 100
J_Williams    23 wal  1  1 17 16 30 100 100 900 100   0   0    0   0   0   0   0   0   0   0   0   0   0   0 100
Veli_Kavlak   28 aut  1 16 17  1 30 100 100 900 100   0   0    0   0   0   0   0   0   0   0   0   0   0   0 100
Louis_Schaub  22 aut  1  1 17 15 30 100 100 900 100   0   0    0   0   0   0   0   0   0   0   0   0   0   0 100
G_Haucher     29 arg  1  1 17 16 30 100 100 900 100   0   0    0   0   0   0   0   0   0   0   0   0   0   0 100
Erick_Pulgar  23 chi  1 16 17  1 30 100 100 900 100   0   0    0   0   0   0   0   0   0   0   0   0   0   0 100
Manuel_Iturra 32 chi  1 16 17  1 30 100 100 900 100   0   0    0   0   0   0   0   0   0   0   0   0   0   0 100
Esteban_Pavez 26 chi  1 16 17  1 30 100 100 900 100   0   0    0   0   0   0   0   0   0   0   0   0   0   0 100
Mark_González 32 chi  1  1 17 15 30 100 100 900 100   0   0    0   0   0   0   0   0   0   0   0   0   0   0 100
W_Barrios     23 col  1 15 17  2 30 100 100 900 100   0   0    0   0   0   0   0   0   0   0   0   0   0   0 100
G_Celis       23 col  1 16 17  1 30 100 100 900 100   0   0    0   0   0   0   0   0   0   0   0   0   0   0 100
C_Carbonero   26 col  1  6 17 11 30 100 100 900 100   0   0    0   0   0   0   0   0   0   0   0   0   0   0 100
Camilo_Zúñiga 31 col  1  1 17 16 30 100 100 900 100   0   0    0   0   0   0   0   0   0   0   0   0   0   0 100
J_Hernández   27 mex  1 12 17  5 30 100 100 900 100   0   0    0   0   0   0   0   0   0   0   0   0   0   0 100
Vurnon_Anita  27 ned  1 16 17  1 30 100 100 900 100   0   0    0   0   0   0   0   0   0   0   0   0   0   0 100
Ryan_Donk     31 ned  1 16 17  1 30 100 100 900 100   0   0    0   0   0   0   0   0   0   0   0   0   0   0 100
D_Biseswar    29 ned  1  1 17 15 30 100 100 900 100   0   0    0   0   0   0   0   0   0   0   0   0   0   0 100
K_Maczynski   29 pol  1 10 17  7 30 100 100 900 100   0   0    0   0   0   0   0   0   0   0   0   0   0   0 100
Pawel_Wszolek 24 pol  1  1 17 16 30 100 100 900 100   0   0    0   0   0   0   0   0   0   0   0   0   0   0 100
O_Hiljemark   24 swe  1 11 17  6 30 100 100 900 100   0   0    0   0   0   0   0   0   0   0   0   0   0   0 100
S_Tibbling    22 swe  1 11 17  6 30 100 100 900 100   0   0    0   0   0   0   0   0   0   0   0   0   0   0 100
V_Claesson    25 swe  1  1 17 16 30 100 100 900 100   0   0    0   0   0   0   0   0   0   0   0   0   0   0 100
Remo_Freuler  24 sui  1  9 17  8 30 100 100 900 100   0   0    0   0   0   0   0   0   0   0   0   0   0   0 100
B_Alemán      27 uru  1  1 17 16 30 100 100 900 100   0   0    0   0   0   0   0   0   0   0   0   0   0   0 100
C_Mayada      26 uru  1  1 17 16 30 100 100 900 100   0   0    0   0   0   0   0   0   0   0   0   0   0   0 100
J_A_Albín     30 uru  1  1 17 16 30 100 100 900 100   0   0    0   0   0   0   0   0   0   0   0   0   0   0 100
Tom_Lawrence  23 wal  1  1 17 15 30 100 100 770 100   0   0    0   0   0   0   0   0   0   0   0   0   0   0 100
F_Grillitsch  21 aut  1 10 17  7 30 100 100 770 100   0   0    0   0   0   0   0   0   0   0   0   0   0   0 100
M_Gregoritsch 22 aut  1  1 17 16 30 100 100 770 100   0   0    0   0   0   0   0   0   0   0   0   0   0   0 100
M_Liendl      31 aut  1  1 17 15 30 100 100 770 100   0   0    0   0   0   0   0   0   0   0   0   0   0   0 100
Karim_Onisiwo 25 aut  1  1 17 15 30 100 100 770 100   0   0    0   0   0   0   0   0   0   0   0   0   0   0 100
Somália       28 bra  1  1 17 16 30 100 100 770 100   0   0    0   0   0   0   0   0   0   0   0   0   0   0 100
Lucas_Lima    26 bra  1  1 17 16 30 100 100 770 100   0   0    0   0   0   0   0   0   0   0   0   0   0   0 100
M_Benítez     22 arg  1  1 17 16 30 100 100 770 100   0   0    0   0   0   0   0   0   0   0   0   0   0   0 100
I_Cissé       23 bel  1 15 17  2 30 100 100 770 100   0   0    0   0   0   0   0   0   0   0   0   0   0   0 100
H_Henao       30 col  1 12 17  5 30 100 100 770 100   0   0    0   0   0   0   0   0   0   0   0   0   0   0 100
Didier_Moreno 25 col  1 12 17  5 30 100 100 770 100   0   0    0   0   0   0   0   0   0   0   0   0   0   0 100
M_Molina      36 col  1  1 17 15 30 100 100 770 100   0   0    0   0   0   0   0   0   0   0   0   0   0   0 100
Mijo_Caktas   24 cro  1  1 17 16 30 100 100 770 100   0   0    0   0   0   0   0   0   0   0   0   0   0   0 100
M_Susaeta     29 esp  1  1 17 15 30 100 100 770 100   0   0    0   0   0   0   0   0   0   0   0   0   0   0 100
Rafael_Baca   27 mex  1 16 17  1 30 100 100 770 100   0   0    0   0   0   0   0   0   0   0   0   0   0   0 100
Carlos_Peña   27 mex  1  6 17 11 30 100 100 770 100   0   0    0   0   0   0   0   0   0   0   0   0   0   0 100
C_Bermúdez    29 mex  1  1 17 16 30 100 100 770 100   0   0    0   0   0   0   0   0   0   0   0   0   0   0 100
N_Calderón    28 mex  1  1 17 15 30 100 100 770 100   0   0    0   0   0   0   0   0   0   0   0   0   0   0 100
D_Luckassen   21 ned  1 15 17  1 30 100 100 770 100   0   0    0   0   0   0   0   0   0   0   0   0   0   0 100
Mateusz_Klich 26 pol  1  6 17 11 30 100 100 770 100   0   0    0   0   0   0   0   0   0   0   0   0   0   0 100
Marcus_Rohdén 25 swe  1 15 17  2 30 100 100 770 100   0   0    0   0   0   0   0   0   0   0   0   0   0   0 100
Oscar_Lewicki 24 swe  1 16 17  1 30 100 100 770 100   0   0    0   0   0   0   0   0   0   0   0   0   0   0 100
A_Fransson    23 swe  1 15 17  2 30 100 100 770 100   0   0    0   0   0   0   0   0   0   0   0   0   0   0 100
Simon_Thern   24 swe  1  7 17 10 30 100 100 770 100   0   0    0   0   0   0   0   0   0   0   0   0   0   0 100
P_Kasami      24 sui  1 10 17  7 30 100 100 770 100   0   0    0   0   0   0   0   0   0   0   0   0   0   0 100
Almen_Abdi    30 sui  1  5 17 12 30 100 100 770 100   0   0    0   0   0   0   0   0   0   0   0   0   0   0 100
D_Cotterill   29 wal  1  1 17 15 30 100 100 640 100   0   0    0   0   0   0   0   0   0   0   0   0   0   0 100
David_Edwards 31 wal  1  1 17 16 30 100 100 640 100   0   0    0   0   0   0   0   0   0   0   0   0   0   0 100
R_Holzhauser  24 aut  1 15 17  2 30 100 100 640 100   0   0    0   0   0   0   0   0   0   0   0   0   0   0 100
Robert_Gucher 26 aut  1 11 17  6 30 100 100 640 100   0   0    0   0   0   0   0   0   0   0   0   0   0   0 100
C_Leitgeb     31 aut  1 10 17  7 30 100 100 640 100   0   0    0   0   0   0   0   0   0   0   0   0   0   0 100
Massimo_Bruno 23 bel  1  1 17 15 30 100 100 640 100   0   0    0   0   0   0   0   0   0   0   0   0   0   0 100
Lorenzo_Reyes 25 chi  1 16 17  1 30 100 100 640 100   0   0    0   0   0   0   0   0   0   0   0   0   0   0 100
C_Jorquera    28 chi  1  8 17  9 30 100 100 640 100   0   0    0   0   0   0   0   0   0   0   0   0   0   0 100
Bryan_Rabello 22 chi  1  1 17 16 30 100 100 640 100   0   0    0   0   0   0   0   0   0   0   0   0   0   0 100
Mateus_Uribe  26 col  1 10 17  7 30 100 100 640 100   0   0    0   0   0   0   0   0   0   0   0   0   0   0 100
Ivan_Mocinic  23 cro  1 11 17  6 30 100 100 640 100   0   0    0   0   0   0   0   0   0   0   0   0   0   0 100
A_Grassi      22 ita  1 15 17  2 30 100 100 640 100   0   0    0   0   0   0   0   0   0   0   0   0   0   0 100
Luis_Montes   30 mex  1  6 17 11 30 100 100 640 100   0   0    0   0   0   0   0   0   0   0   0   0   0   0 100
J_D_Guerrero  29 mex  1 11 17  6 30 100 100 640 100   0   0    0   0   0   0   0   0   0   0   0   0   0   0 100
David_Cabrera 27 mex  1 10 17  7 30 100 100 640 100   0   0    0   0   0   0   0   0   0   0   0   0   0   0 100
J_Gallardo    22 mex  1  1 17 16 30 100 100 640 100   0   0    0   0   0   0   0   0   0   0   0   0   0   0 100
Janusz_Gol    31 pol  1 16 17  1 30 100 100 640 100   0   0    0   0   0   0   0   0   0   0   0   0   0   0 100
T_Jodlowiec   31 pol  1 15 17  2 30 100 100 640 100   0   0    0   0   0   0   0   0   0   0   0   0   0   0 100
D_Zakaria     20 sui  1 11 17  6 30 100 100 640 100   0   0    0   0   0   0   0   0   0   0   0   0   0   0 100
E_A_Ríos      35 uru  1 16 17  1 30 100 100 640 100   0   0    0   0   0   0   0   0   0   0   0   0   0   0 100
Danilo        27 bel  1  1 17 15 30 100 100 510 100   0   0    0   0   0   0   0   0   0   0   0   0   0   0 100
Nill_De_Pauw  27 bel  1  1 17 16 30 100 100 510 100   0   0    0   0   0   0   0   0   0   0   0   0   0   0 100
Franz_Schultz 25 chi  1  1 17 16 30 100 100 510 100   0   0    0   0   0   0   0   0   0   0   0   0   0   0 100
F_Meneses     31 chi  1  1 17 16 30 100 100 510 100   0   0    0   0   0   0   0   0   0   0   0   0   0   0 100
Javier_Cortés 27 mex  1  5 17 12 30 100 100 510 100   0   0    0   0   0   0   0   0   0   0   0   0   0   0 100
Jorge_Zárate  25 mex  1  1 17 16 30 100 100 510 100   0   0    0   0   0   0   0   0   0   0   0   0   0   0 100
C_Giménez     36 mex  1  1 17 15 30 100 100 510 100   0   0    0   0   0   0   0   0   0   0   0   0   0   0 100
D_Villalpando 25 mex  1  1 17 15 30 100 100 510 100   0   0    0   0   0   0   0   0   0   0   0   0   0   0 100
L_Obraniak    32 pol  1  1 17 15 30 100 100 510 100   0   0    0   0   0   0   0   0   0   0   0   0   0   0 100
M_Kucharczyk  26 pol  1  1 17 16 30 100 100 510 100   0   0    0   0   0   0   0   0   0   0   0   0   0   0 100
Jakob_J       26 swe  1 10 17  7 30 100 100 510 100   0   0    0   0   0   0   0   0   0   0   0   0   0   0 100
Simon_Hedlund 24 swe  1  1 17 16 30 100 100 510 100   0   0    0   0   0   0   0   0   0   0   0   0   0   0 100
Edimilson_F   20 sui  1  1 17 16 30 100 100 510 100   0   0    0   0   0   0   0   0   0   0   0   0   0   0 100
David_Vaughan 34 wal  1 16 17  1 30 100 100 380 100   0   0    0   0   0   0   0   0   0   0   0   0   0   0 100
Andrew_Crofts 32 wal  1 10 17  7 30 100 100 380 100   0   0    0   0   0   0   0   0   0   0   0   0   0   0 100
S_Kulovits    33 aut  1 16 17  1 30 100 100 380 100   0   0    0   0   0   0   0   0   0   0   0   0   0   0 100
Isaac_Mbenza  21 bel  1  1 17 15 30 100 100 380 100   0   0    0   0   0   0   0   0   0   0   0   0   0   0 100
Marco_Medel   27 chi  1  7 17 10 30 100 100 380 100   0   0    0   0   0   0   0   0   0   0   0   0   0   0 100
Andrija_Balic 19 cro  1  1 17 16 30 100 100 380 100   0   0    0   0   0   0   0   0   0   0   0   0   0   0 100
Facundo_Píriz 27 uru  1 16 17  1 30 100 100 380 100   0   0    0   0   0   0   0   0   0   0   0   0   0   0 100
G_Brugman     24 uru  1 15 17  2 30 100 100 380 100   0   0    0   0   0   0   0   0   0   0   0   0   0   0 100
R_Betancur    19 uru  1  9 17  8 30 100 100 380 100   0   0    0   0   0   0   0   0   0   0   0   0   0   0 100
S_Schwab      26 aut  1 15 17  1 30 100 100 250 100   0   0    0   0   0   0   0   0   0   0   0   0   0   0 100
M_Íldiz       25 aut  1 16 17  1 30 100 100 250 100   0   0    0   0   0   0   0   0   0   0   0   0   0   0 100
C_Gartner     22 aut  1 10 17  7 30 100 100 250 100   0   0    0   0   0   0   0   0   0   0   0   0   0   0 100
Konrad_Laimer 19 aut  1  7 17 10 30 100 100 250 100   0   0    0   0   0   0   0   0   0   0   0   0   0   0 100
Tomás_Andrade 19 arg  1  1 17 15 30 100 100 250 100   0   0    0   0   0   0   0   0   0   0   0   0   0   0 100
E_Buendía     19 arg  1  1 17 15 30 100 100 250 100   0   0    0   0   0   0   0   0   0   0   0   0   0   0 100
Andrés_Tello  20 col  1 10 17  7 30 100 100 250 100   0   0    0   0   0   0   0   0   0   0   0   0   0   0 100
J_Fredy_Pajoy 28 col  1  1 17 16 30 100 100 250 100   0   0    0   0   0   0   0   0   0   0   0   0   0   0 100
R_Aponzá      27 col  1  1 17 15 30 100 100 250 100   0   0    0   0   0   0   0   0   0   0   0   0   0   0 100
J_Radosevic   23 cro  1 15 17  2 30 100 100 250 100   0   0    0   0   0   0   0   0   0   0   0   0   0   0 100
Marko_Basic   28 cro  1 16 17  1 30 100 100 250 100   0   0    0   0   0   0   0   0   0   0   0   0   0   0 100
C_Falletti    24 uru  1  1 17 16 30 100 100 250 100   0   0    0   0   0   0   0   0   0   0   0   0   0   0 100
S_MacDonald   28 wal  1 16 17  1 30 100 100 120 100   0   0    0   0   0   0   0   0   0   0   0   0   0   0 100
Emyr_Huws     23 wal  1 15 17  2 30 100 100 120 100   0   0    0   0   0   0   0   0   0   0   0   0   0   0 100
L_Isgrove     24 wal  1  1 17 15 30 100 100 120 100   0   0    0   0   0   0   0   0   0   0   0   0   0   0 100
Dominik_Wydra 23 aut  1 15 17  1 30 100 100 120 100   0   0    0   0   0   0   0   0   0   0   0   0   0   0 100
M_Ritzmaier   23 aut  1  7 17 10 30 100 100 120 100   0   0    0   0   0   0   0   0   0   0   0   0   0   0 100
Marin_Tomasov 29 cro  1  1 17 16 30 100 100 120 100   0   0    0   0   0   0   0   0   0   0   0   0   0   0 100
Josip_Brekalo 18 cro  1  1 16 14 30 100 100 900 100   0   0    0   0   0   0   0   0   0   0   0   0   0   0 100
V_Jugovic     27 cro  1  5 16 11 30 100 100 790 100   0   0    0   0   0   0   0   0   0   0   0   0   0   0 100
Aduriz        36 esp  1  1  1 19 30 100 100 100 900   0   0    0   0   0   0   0   0   0   0   0   0   0   0 100
Iago_Aspas    29 esp  1  1 12 19 30 100 100 100 720   0   0    0   0   0   0   0   0   0   0   0   0   0   0 100
A_Modeste     28 fra  1  1  1 19 30 100 100 100 720   0   0    0   0   0   0   0   0   0   0   0   0   0   0 100
S_Giovinco    30 ita  1  1  1 19 30 100 100 100 720   0   0    0   0   0   0   0   0   0   0   0   0   0   0 100
Quaresma      32 por  1  1 18 19 30 100 100 100 720   0   0    0   0   0   0   0   0   0   0   0   0   0   0 100
Raffael       32 bra  1  1  1 19 30 100 100 100 540   0   0    0   0   0   0   0   0   0   0   0   0   0   0 100
David_Villa   35 esp  1  1  1 19 30 100 100 100 540   0   0    0   0   0   0   0   0   0   0   0   0   0   0 100
Mario_Gómez   31 ger  1  1  1 19 30 100 100 100 540   0   0    0   0   0   0   0   0   0   0   0   0   0   0 100
C_Immobile    27 ita  1  1  1 19 30 100 100 100 540   0   0    0   0   0   0   0   0   0   0   0   0   0   0 100
Carlos_Vela   28 mex  1  1 18 19 30 100 100 100 540   0   0    0   0   0   0   0   0   0   0   0   0   0   0 100
C_Benteke     26 bel  1  1  1 19 30 100 100 100 360   0   0    0   0   0   0   0   0   0   0   0   0   0   0 100
N_Kalinic     29 cro  1  1  1 19 30 100 100 100 360   0   0    0   0   0   0   0   0   0   0   0   0   0   0 100
Jermain_Defoe 34 eng  1  1  1 19 30 100 100 100 360   0   0    0   0   0   0   0   0   0   0   0   0   0   0 100
Bojan_Krkic   26 esp  1  1  1 19 30 100 100 100 360   0   0    0   0   0   0   0   0   0   0   0   0   0   0 100
Á_Negredo     31 esp  1  1  1 19 30 100 100 100 360   0   0    0   0   0   0   0   0   0   0   0   0   0   0 100
Rubén_Castro  35 esp  1  1  1 19 30 100 100 100 360   0   0    0   0   0   0   0   0   0   0   0   0   0   0 100
A-P_Gignac    31 fra  1  1  1 19 30 100 100 100 360   0   0    0   0   0   0   0   0   0   0   0   0   0   0 100
Lars_Stindl   28 ger  1  1  1 19 30 100 100 100 360   0   0    0   0   0   0   0   0   0   0   0   0   0   0 100
L_Podolski    31 ger  1  1  1 19 30 100 100 100 360   0   0    0   0   0   0   0   0   0   0   0   0   0   0 100
D_Berardi     22 ita  1  1 18 19 30 100 100 100 360   0   0    0   0   0   0   0   0   0   0   0   0   0   0 100
A_Belotti     23 ita  1  1  1 19 30 100 100 100 360   0   0    0   0   0   0   0   0   0   0   0   0   0   0 100
G_dos_Santos  27 mex  1  1  1 19 30 100 100 100 360   0   0    0   0   0   0   0   0   0   0   0   0   0   0 100
Bas_Dost      27 ned  1  1  1 19 30 100 100 100 360   0   0    0   0   0   0   0   0   0   0   0   0   0   0 100
Danny         33 por  1  1 18 19 30 100 100 100 360   0   0    0   0   0   0   0   0   0   0   0   0   0   0 100
Leo_Baptistão 24 bra  1  1  1 19 30 100 100 100 180   0   0    0   0   0   0   0   0   0   0   0   0   0   0 100
I_Williams    22 esp  1  1 18 19 30 100 100 100 180   0   0    0   0   0   0   0   0   0   0   0   0   0   0 100
Iago_Falqué   27 esp  1  1 17 19 30 100 100 100 180   0   0    0   0   0   0   0   0   0   0   0   0   0   0 100
Paul-G_Ntep   24 fra  1  1 18 19 30 100 100 100 180   0   0    0   0   0   0   0   0   0   0   0   0   0   0 100
Max_Kruse     29 ger  1  1  1 19 30 100 100 100 180   0   0    0   0   0   0   0   0   0   0   0   0   0   0 100
R_van_Persie  33 ned  1  1  1 19 30 100 100 100 180   0   0    0   0   0   0   0   0   0   0   0   0   0   0 100
Bruma         22 por  1  1 18 19 30 100 100 100 180   0   0    0   0   0   0   0   0   0   0   0   0   0   0 100
Willian_José  25 bra  1  1  1 18 30 100 100 100 900   0   0    0   0   0   0   0   0   0   0   0   0   0   0 100
Jonathas      28 bra  1  1  1 18 30 100 100 100 900   0   0    0   0   0   0   0   0   0   0   0   0   0   0 100
L_López       33 arg  1  1  1 18 30 100 100 100 900   0   0    0   0   0   0   0   0   0   0   0   0   0   0 100
M_Antonio     27 eng  1  1 17 18 30 100 100 100 900   0   0    0   0   0   0   0   0   0   0   0   0   0   0 100
Jesé          24 esp  1  1 16 18 30 100 100 100 900   0   0    0   0   0   0   0   0   0   0   0   0   0   0 100
F_Llorente    32 esp  1  1  1 18 30 100 100 100 900   0   0    0   0   0   0   0   0   0   0   0   0   0   0 100
G_Rossi       30 ita  1  1  1 18 30 100 100 100 900   0   0    0   0   0   0   0   0   0   0   0   0   0   0 100
Marcus_Berg   30 swe  1  1  1 18 30 100 100 100 900   0   0    0   0   0   0   0   0   0   0   0   0   0   0 100
Joãozinho     28 bra  1  1 17 18 30 100 100 100 750   0   0    0   0   0   0   0   0   0   0   0   0   0   0 100
Malcom        20 bra  1  1 16 18 30 100 100 100 750   0   0    0   0   0   0   0   0   0   0   0   0   0   0 100
Luiz_Adriano  29 bra  1  1  1 18 30 100 100 100 750   0   0    0   0   0   0   0   0   0   0   0   0   0   0 100
Lucas_Alario  23 arg  1  1  1 18 30 100 100 100 750   0   0    0   0   0   0   0   0   0   0   0   0   0   0 100
Theo_Bongonda 21 bel  1  1 16 18 30 100 100 100 750   0   0    0   0   0   0   0   0   0   0   0   0   0   0 100
Dorlan_Pabón  29 col  1  1 17 18 30 100 100 100 750   0   0    0   0   0   0   0   0   0   0   0   0   0   0 100
Fredy_Montero 29 col  1  1  1 18 30 100 100 100 750   0   0    0   0   0   0   0   0   0   0   0   0   0   0 100
Duván_Zapata  26 col  1  1  1 18 30 100 100 100 750   0   0    0   0   0   0   0   0   0   0   0   0   0   0 100
Adrián_Ramos  31 col  1  1  1 18 30 100 100 100 750   0   0    0   0   0   0   0   0   0   0   0   0   0   0 100
T_Gutiérrez   31 col  1  1  1 18 30 100 100 100 750   0   0    0   0   0   0   0   0   0   0   0   0   0   0 100
A_Kramaric    25 cro  1  1  1 18 30 100 100 100 750   0   0    0   0   0   0   0   0   0   0   0   0   0   0 100
C_Austin      27 eng  1  1  1 18 30 100 100 100 750   0   0    0   0   0   0   0   0   0   0   0   0   0   0 100
Troy_Deeney   28 eng  1  1  1 18 30 100 100 100 750   0   0    0   0   0   0   0   0   0   0   0   0   0   0 100
Andy_Carroll  28 eng  1  1  1 18 30 100 100 100 750   0   0    0   0   0   0   0   0   0   0   0   0   0   0 100
Iker_Muniain  24 esp  1  1 17 18 30 100 100 100 750   0   0    0   0   0   0   0   0   0   0   0   0   0   0 100
M_Oyarzabal   19 esp  1  1 17 18 30 100 100 100 750   0   0    0   0   0   0   0   0   0   0   0   0   0   0 100
Borja_Bastón  24 esp  1  1  1 18 30 100 100 100 750   0   0    0   0   0   0   0   0   0   0   0   0   0   0 100
M'Baye_Niang  22 fra  1  1  1 18 30 100 100 100 750   0   0    0   0   0   0   0   0   0   0   0   0   0   0 100
Timo_Werner   21 ger  1  1  1 18 30 100 100 100 750   0   0    0   0   0   0   0   0   0   0   0   0   0   0 100
L_Teodorczyk  25 pol  1  1  1 18 30 100 100 100 750   0   0    0   0   0   0   0   0   0   0   0   0   0   0 100
J_Guidetti    24 swe  1  1  1 18 30 100 100 100 750   0   0    0   0   0   0   0   0   0   0   0   0   0   0 100
Felipe_Pardo  26 col  1  1 17 18 30 100 100 100 600   0   0    0   0   0   0   0   0   0   0   0   0   0   0 100
Dayro_Moreno  31 col  1  1  1 18 30 100 100 100 600   0   0    0   0   0   0   0   0   0   0   0   0   0   0 100
Luis_Muriel   25 col  1  1  1 18 30 100 100 100 600   0   0    0   0   0   0   0   0   0   0   0   0   0   0 100
Sandro        21 esp  1  1  1 18 30 100 100 100 600   0   0    0   0   0   0   0   0   0   0   0   0   0   0 100
H_Lozano      21 mex  1  1 17 18 30 100 100 100 600   0   0    0   0   0   0   0   0   0   0   0   0   0   0 100
Eljero_Elia   30 ned  1  1 16 18 30 100 100 100 600   0   0    0   0   0   0   0   0   0   0   0   0   0   0 100
K_Grosicki    28 pol  1  1 16 18 30 100 100 100 600   0   0    0   0   0   0   0   0   0   0   0   0   0   0 100
Éder          29 por  1  1  1 18 30 100 100 100 600   0   0    0   0   0   0   0   0   0   0   0   0   0   0 100
Diego_Rolán   24 uru  1  1  1 18 30 100 100 100 600   0   0    0   0   0   0   0   0   0   0   0   0   0   0 100
Matin_Harnik  29 aut  1  1  1 18 30 100 100 100 450   0   0    0   0   0   0   0   0   0   0   0   0   0   0 100
G_Burgstaller 27 aut  1  1  1 18 30 100 100 100 450   0   0    0   0   0   0   0   0   0   0   0   0   0   0 100
J_Calleri     22 arg  1  1  1 18 30 100 100 100 450   0   0    0   0   0   0   0   0   0   0   0   0   0   0 100
Silvio_Romero 27 arg  1  1  1 18 30 100 100 100 450   0   0    0   0   0   0   0   0   0   0   0   0   0   0 100
M_Lestienne   24 bel  1  1 17 18 30 100 100 100 450   0   0    0   0   0   0   0   0   0   0   0   0   0   0 100
Jelle_Vossen  28 bel  1  1  1 18 30 100 100 100 450   0   0    0   0   0   0   0   0   0   0   0   0   0   0 100
M_Larrondo    28 chi  1  1  1 18 30 100 100 100 450   0   0    0   0   0   0   0   0   0   0   0   0   0   0 100
M_Castillo    24 chi  1  1  1 18 30 100 100 100 450   0   0    0   0   0   0   0   0   0   0   0   0   0   0 100
E_Paredes     36 chi  1  1  1 18 30 100 100 100 450   0   0    0   0   0   0   0   0   0   0   0   0   0   0 100
S_Berahino    23 eng  1  1  1 18 30 100 100 100 450   0   0    0   0   0   0   0   0   0   0   0   0   0   0 100
M_Philipp     23 ger  1  1  1 18 30 100 100 100 450   0   0    0   0   0   0   0   0   0   0   0   0   0   0 100
Simone_Verdi  24 ita  1  1 17 18 30 100 100 100 450   0   0    0   0   0   0   0   0   0   0   0   0   0   0 100
M_Politano    23 ita  1  1 17 18 30 100 100 100 450   0   0    0   0   0   0   0   0   0   0   0   0   0   0 100
Oribe_Peralta 33 mex  1  1  1 18 30 100 100 100 450   0   0    0   0   0   0   0   0   0   0   0   0   0   0 100
L_Narsingh    26 ned  1  1 16 18 30 100 100 100 450   0   0    0   0   0   0   0   0   0   0   0   0   0   0 100
S_Berghuis    25 ned  1  1 16 18 30 100 100 100 450   0   0    0   0   0   0   0   0   0   0   0   0   0   0 100
Derdiyok      28 sui  1  1  1 18 30 100 100 100 450   0   0    0   0   0   0   0   0   0   0   0   0   0   0 100
Josip_Drmic   24 sui  1  1  1 18 30 100 100 100 450   0   0    0   0   0   0   0   0   0   0   0   0   0   0 100
Chory_Castro  32 uru  1  1 17 18 30 100 100 100 450   0   0    0   0   0   0   0   0   0   0   0   0   0   0 100
Matías_Britos 28 uru  1  1  1 18 30 100 100 100 450   0   0    0   0   0   0   0   0   0   0   0   0   0   0 100
Marc_Janko    33 aut  1  1  1 18 30 100 100 100 300   0   0    0   0   0   0   0   0   0   0   0   0   0   0 100
Vitinho       23 bra  1  1  1 18 30 100 100 100 300   0   0    0   0   0   0   0   0   0   0   0   0   0   0 100
F_Ferreyra    25 arg  1  1  1 18 30 100 100 100 300   0   0    0   0   0   0   0   0   0   0   0   0   0   0 100
E_Vargas      27 chi  1  1 16 18 30 100 100 100 300   0   0    0   0   0   0   0   0   0   0   0   0   0   0 100
M_Pinilla     33 chi  1  1  1 18 30 100 100 100 300   0   0    0   0   0   0   0   0   0   0   0   0   0   0 100
Víctor_Ibarbo 26 col  1  1 17 18 30 100 100 100 300   0   0    0   0   0   0   0   0   0   0   0   0   0   0 100
H_Rodallega   31 col  1  1  1 18 30 100 100 100 300   0   0    0   0   0   0   0   0   0   0   0   0   0   0 100
Duje_Cop      27 cro  1  1  1 18 30 100 100 100 300   0   0    0   0   0   0   0   0   0   0   0   0   0   0 100
Marko_Livaja  23 cro  1  1  1 18 30 100 100 100 300   0   0    0   0   0   0   0   0   0   0   0   0   0   0 100
Juanmi        23 esp  1  1  1 18 30 100 100 100 300   0   0    0   0   0   0   0   0   0   0   0   0   0   0 100
A_Gilardino   33 ita  1  1  1 18 30 100 100 100 300   0   0    0   0   0   0   0   0   0   0   0   0   0   0 100
R_Kishna      22 ned  1  1 16 18 30 100 100 100 300   0   0    0   0   0   0   0   0   0   0   0   0   0   0 100
Rui_Fonte     26 por  1  1  1 18 30 100 100 100 300   0   0    0   0   0   0   0   0   0   0   0   0   0   0 100
Sam_Larsson   23 swe  1  1 16 18 30 100 100 100 300   0   0    0   0   0   0   0   0   0   0   0   0   0   0 100
Rodri_Mora    29 uru  1  1  1 18 30 100 100 100 300   0   0    0   0   0   0   0   0   0   0   0   0   0   0 100
M_Cauteruccio 29 uru  1  1  1 18 30 100 100 100 300   0   0    0   0   0   0   0   0   0   0   0   0   0   0 100
Abel_Hnandez  26 uru  1  1  1 18 30 100 100 100 300   0   0    0   0   0   0   0   0   0   0   0   0   0   0 100
G_Simeone     20 arg  1  1 12 18 30 100 100 100 150   0   0    0   0   0   0   0   0   0   0   0   0   0   0 100
J_Fernándes   28 chi  1  1 16 18 30 100 100 100 150   0   0    0   0   0   0   0   0   0   0   0   0   0   0 100
R_Laborde     29 col  1  1 17 18 30 100 100 100 150   0   0    0   0   0   0   0   0   0   0   0   0   0   0 100
F_Uribe       29 col  1  1  1 18 30 100 100 100 150   0   0    0   0   0   0   0   0   0   0   0   0   0   0 100
Sabin_Merino  25 esp  1  1 16 18 30 100 100 100 150   0   0    0   0   0   0   0   0   0   0   0   0   0   0 100
Alan_Pulido   26 mex  1  1  1 18 30 100 100 100 150   0   0    0   0   0   0   0   0   0   0   0   0   0   0 100
A_El_Ghazi    21 ned  1  1 16 18 30 100 100 100 150   0   0    0   0   0   0   0   0   0   0   0   0   0   0 100
I_Cavaleiro   23 por  1  1 17 18 30 100 100 100 150   0   0    0   0   0   0   0   0   0   0   0   0   0   0 100
Ola_Toivonen  30 swe  1  1  1 18 30 100 100 100 150   0   0    0   0   0   0   0   0   0   0   0   0   0   0 100
Seferovic     25 sui  1  1  1 18 30 100 100 100 150   0   0    0   0   0   0   0   0   0   0   0   0   0   0 100
C_Stuani      30 uru  1  1  1 18 30 100 100 100 150   0   0    0   0   0   0   0   0   0   0   0   0   0   0 100
Sam_Vokes     27 wal  1  1  1 17 30 100 100 100 900   0   0    0   0   0   0   0   0   0   0   0   0   0   0 100
L_Hinterseer  26 aut  1  1  1 17 30 100 100 100 900   0   0    0   0   0   0   0   0   0   0   0   0   0   0 100
Paulinho      31 bra  1  1  1 17 30 100 100 100 900   0   0    0   0   0   0   0   0   0   0   0   0   0   0 100
Germán_Denis  34 arg  1  1  1 17 30 100 100 100 900   0   0    0   0   0   0   0   0   0   0   0   0   0   0 100
A_Limbombe    22 bel  1  1 16 17 30 100 100 100 900   0   0    0   0   0   0   0   0   0   0   0   0   0   0 100
C_D_Quintero  29 col  1  1  1 17 30 100 100 100 900   0   0    0   0   0   0   0   0   0   0   0   0   0   0 100
Ivan_Santini  27 cro  1  1  1 17 30 100 100 100 900   0   0    0   0   0   0   0   0   0   0   0   0   0   0 100
Stipe_Perica  21 cro  1  1  1 17 30 100 100 100 900   0   0    0   0   0   0   0   0   0   0   0   0   0   0 100
Borja_Mayoral 19 esp  1  1  1 17 30 100 100 100 900   0   0    0   0   0   0   0   0   0   0   0   0   0   0 100
A_Petagna     21 ita  1  1  1 17 30 100 100 100 900   0   0    0   0   0   0   0   0   0   0   0   0   0   0 100
M_Rosenberg   34 swe  1  1  1 17 30 100 100 100 900   0   0    0   0   0   0   0   0   0   0   0   0   0   0 100
Alex_Gerndt   30 swe  1  1  1 17 30 100 100 100 900   0   0    0   0   0   0   0   0   0   0   0   0   0   0 100
Santi_García  26 uru  1  1  1 17 30 100 100 100 900   0   0    0   0   0   0   0   0   0   0   0   0   0   0 100
Ashley_Barnes 27 aut  1  1  1 17 30 100 100 100 770   0   0    0   0   0   0   0   0   0   0   0   0   0   0 100
Robert_Zulj   25 aut  1  1  1 17 30 100 100 100 770   0   0    0   0   0   0   0   0   0   0   0   0   0   0 100
P_Hosiner     27 aut  1  1  1 17 30 100 100 100 770   0   0    0   0   0   0   0   0   0   0   0   0   0   0 100
L_Fernández   25 arg  1  1  1 17 30 100 100 100 770   0   0    0   0   0   0   0   0   0   0   0   0   0   0 100
E_Ponce       19 arg  1  1 11 17 30 100 100 100 770   0   0    0   0   0   0   0   0   0   0   0   0   0   0 100
S_Schrijvers  20 bel  1  1  1 17 30 100 100 100 770   0   0    0   0   0   0   0   0   0   0   0   0   0   0 100
Artur_Sobiech 26 pol  1  1  1 17 30 100 100 100 770   0   0    0   0   0   0   0   0   0   0   0   0   0   0 100
S_Armenteros  26 swe  1  1  1 17 30 100 100 100 770   0   0    0   0   0   0   0   0   0   0   0   0   0   0 100
B_Hrgota      24 swe  1  1  1 17 30 100 100 100 770   0   0    0   0   0   0   0   0   0   0   0   0   0   0 100
M_Santos      24 uru  1  1  1 17 30 100 100 100 770   0   0    0   0   0   0   0   0   0   0   0   0   0   0 100
Jonathan_R    23 uru  1  1  1 17 30 100 100 100 770   0   0    0   0   0   0   0   0   0   0   0   0   0   0 100
Jordon_Ibe    21 eng  1  1 15 17 30 100 100 100 640   0   0    0   0   0   0   0   0   0   0   0   0   0   0 100
E_Herrera     28 mex  1  1  1 17 30 100 100 100 640   0   0    0   0   0   0   0   0   0   0   0   0   0   0 100
M_Stepinski   21 pol  1  1  1 17 30 100 100 100 640   0   0    0   0   0   0   0   0   0   0   0   0   0   0 100
S_Khelifi     23 sui  1  1 16 17 30 100 100 100 640   0   0    0   0   0   0   0   0   0   0   0   0   0   0 100
A_Weimann     25 aut  1  1 16 17 30 100 100 100 510   0   0    0   0   0   0   0   0   0   0   0   0   0   0 100
Ante_Rebic    23 cro  1  1 15 17 30 100 100 100 510   0   0    0   0   0   0   0   0   0   0   0   0   0   0 100
Ante_Budimir  25 cro  1  1  1 17 30 100 100 100 510   0   0    0   0   0   0   0   0   0   0   0   0   0   0 100
Á_Zaldívar    23 mex  1  1  1 17 30 100 100 100 510   0   0    0   0   0   0   0   0   0   0   0   0   0   0 100
V_Prodell     29 swe  1  1  1 17 30 100 100 100 510   0   0    0   0   0   0   0   0   0   0   0   0   0   0 100
C_Nyman       24 swe  1  1  1 17 30 100 100 100 510   0   0    0   0   0   0   0   0   0   0   0   0   0   0 100
Ched_Evans    28 wal  1  1  1 17 30 100 100 100 380   0   0    0   0   0   0   0   0   0   0   0   0   0   0 100
L_Nany_Dimata 19 bel  1  1  1 17 30 100 100 100 380   0   0    0   0   0   0   0   0   0   0   0   0   0   0 100
Obbi_Oulare   21 bel  1  1  1 17 30 100 100 100 380   0   0    0   0   0   0   0   0   0   0   0   0   0   0 100
F_Avenatti    23 uru  1  1  1 17 30 100 100 100 380   0   0    0   0   0   0   0   0   0   0   0   0   0   0 100
Tom_Bradshaw  24 wal  1  1  1 17 30 100 100 100 250   0   0    0   0   0   0   0   0   0   0   0   0   0   0 100
Dudu          25 bra  1  1 15 17 30 100 100 100 250   0   0    0   0   0   0   0   0   0   0   0   0   0   0 100
Roman_Buess   24 sui  1  1  1 17 30 100 100 100 250   0   0    0   0   0   0   0   0   0   0   0   0   0   0 100
Michael_Frey  22 sui  1  1  1 17 30 100 100 100 250   0   0    0   0   0   0   0   0   0   0   0   0   0   0 100
H_Robson-Kanu 27 wal  1  1 15 17 30 100 100 100 120   0   0    0   0   0   0   0   0   0   0   0   0   0   0 100
Steve_Morison 33 wal  1  1  1 17 30 100 100 100 120   0   0    0   0   0   0   0   0   0   0   0   0   0   0 100
L_Martínez    18 arg  1  1  1 17 30 100 100 100 120   0   0    0   0   0   0   0   0   0   0   0   0   0   0 100
Loris_Brogno  24 bel  1  1 16 17 30 100 100 100 120   0   0    0   0   0   0   0   0   0   0   0   0   0   0 100
Albian_Ajeti  20 sui  1  1  1 17 30 100 100 100 120   0   0    0   0   0   0   0   0   0   0   0   0   0   0 100
A_Culina      25 cro  1  1 15 16 30 100 100 100 680   0   0    0   0   0   0   0   0   0   0   0   0   0   0 100
