Name         Age Nat St Tk Ps Sh Ag KAb TAb PAb SAb Gam Sub  Min Mom Sav Con Ktk Kps Sht Gls Ass  DP Inj Sus Fit
----------------------------------------------------------------------------------------------------------------
M_Nastasic    23 srb  1 22  1  1 30 100 215 960 545   9   1  803   0   0   0   9   2   1   0   0   2   0   0  93
Martin_Skrtel 32 srb  1 22  1  1 30 100 166 860 406  11   0  968   0   0   0  13   0   1   0   0  12   0   0  90
B_Ivanovic    32 srb  1 21 10  7 30 100 614 501 609   9   1  727   1   0   0  11  11   5   0   1   0   0   0  90
Neven_Subotic 28 srb  1 21  1  1 30 100 553 904 484   8   4  604   0   0   0   8   0   0   0   0   0   0   0 100
A_Kolarov     31 srb  1 20 10  7 30 100 646  90 608   9   1  796   0   0   0   9   7   3   0   0   2   0   0 100
N_Matic       28 srb  1 21 22  1 30 100 123 343 460   9   1  725   0   0   0   4  11   5   0   0   0   0   0 100
Adem_Ljajic   25 srb  1  1 21 18 30 100 457 602 378   8   7  317   0   0   0   0   8   8   3   0   2   0   0 100
N_Gudelj      25 srb  1 18 20  9 30 100 295 461 428   4   0  358   0   0   0   5  11   0   0   1   2   0   0 100
