Name         Age Nat St Tk Ps Sh Ag KAb TAb PAb SAb Gam Sub  Min Mom Sav Con Ktk Kps Sht Gls Ass  DP Inj Sus Fit
----------------------------------------------------------------------------------------------------------------
Manuel_Neuer  30 ale 23  1  1  1 30 298 100 100 100   0   0    0   0   0   0   0   0   0   0   0   0   0   0 100
Petr_Cech     34 rch 23  1  1  1 30 291 100 100 100   0   0    0   0   0   0   0   0   0   0   0   0   0   0 100
T_Courtois    24 blg 23  1  1  1 30 196 100 100 100   0   0    0   0   0   0   0   0   0   0   0   0   0   0 100
Hugo_Lloris   30 fra 23  1  1  1 30 188 100 100 100   0   0    0   0   0   0   0   0   0   0   0   0   0   0 100
David_de_Gea  26 esp 23  1  1  1 30 142 100 100 100   0   0    0   0   0   0   0   0   0   0   0   0   0   0 100
Ter_Stegen    24 ale 23  1  1  1 30  63 100 100 100   0   0    0   0   0   0   0   0   0   0   0   0   0   0 100
Kevin_Trapp   26 ale 22  1  1  1 30 830 100 100 100   0   0    0   0   0   0   0   0   0   0   0   0   0   0 100
Jan_Oblak     24 esl 22  1  1  1 30 828 100 100 100   0   0    0   0   0   0   0   0   0   0   0   0   0   0 100
Joe_Hart      29 ing 22  1  1  1 30 668 100 100 100   0   0    0   0   0   0   0   0   0   0   0   0   0   0 100
Diego_Lopez   35 esp 22  1  1  1 30 475 100 100 100   0   0    0   0   0   0   0   0   0   0   0   0   0   0 100
J_Cillessen   27 hol 22  1  1  1 30 388 100 100 100   0   0    0   0   0   0   0   0   0   0   0   0   0   0 100
Keylor_Navas  30 crc 22  1  1  1 30 386 100 100 100   0   0    0   0   0   0   0   0   0   0   0   0   0   0 100
S_Handanovic  32 esl 22  1  1  1 30 308 100 100 100   0   0    0   0   0   0   0   0   0   0   0   0   0   0 100
Jeroen_Zoet   26 hol 22  1  1  1 30 280 100 100 100   0   0    0   0   0   0   0   0   0   0   0   0   0   0 100
W_Szczesny    26 pol 22  1  1  1 30 266 100 100 100   0   0    0   0   0   0   0   0   0   0   0   0   0   0 100
Mattia_Perin  24 ita 22  1  1  1 30 254 100 100 100   0   0    0   0   0   0   0   0   0   0   0   0   0   0 100
Sergio_Rico   23 esp 22  1  1  1 30 229 100 100 100   0   0    0   0   0   0   0   0   0   0   0   0   0   0 100
Ralf_Fahrmann 28 ale 22  1  1  1 30 203 100 100 100   0   0    0   0   0   0   0   0   0   0   0   0   0   0 100
G_Donnarumma  17 ita 22  1  1  1 30  71 100 100 100   0   0    0   0   0   0   0   0   0   0   0   0   0   0 100
Bernd_Leno    24 ale 21  1  1  1 30 956 100 100 100   0   0    0   0   0   0   0   0   0   0   0   0   0   0 100
S_Ruffier     29 fra 21  1  1  1 30 953 100 100 100   0   0    0   0   0   0   0   0   0   0   0   0   0   0 100
Mathew_Ryan   24 aus 21  1  1  1 30 870 100 100 100   0   0    0   0   0   0   0   0   0   0   0   0   0   0 100
S_Sirigu      30 ita 21  1  1  1 30 845 100 100 100   0   0    0   0   0   0   0   0   0   0   0   0   0   0 100
Diego_Alves   31 bra 21  1  1  1 30 783 100 100 100   0   0    0   0   0   0   0   0   0   0   0   0   0   0 100
A_Areola      23 fra 21  1  1  1 30 752 100 100 100   0   0    0   0   0   0   0   0   0   0   0   0   0   0 100
Gigi_Buffon   39 ita 21  1  1  1 30 510 100 100 100   0   0    0   0   0   0   0   0   0   0   0   0   0   0 100
Pepe_Reina    34 esp 21  1  1  1 30 339 100 100 100   0   0    0   0   0   0   0   0   0   0   0   0   0   0 100
Roman_Burki   26 swi 21  1  1  1 30 257 100 100 100   0   0    0   0   0   0   0   0   0   0   0   0   0   0 100
D_Benaglio    33 swi 21  1  1  1 30 164 100 100 100   0   0    0   0   0   0   0   0   0   0   0   0   0   0 100
Claudio_Bravo 33 chi 21  1  1  1 30 123 100 100 100   0   0    0   0   0   0   0   0   0   0   0   0   0   0 100
Asmir_Begovic 29 b&h 21  1  1  1 30  15 100 100 100   0   0    0   0   0   0   0   0   0   0   0   0   0   0 100
S_Mignolet    28 blg 21  1  1  1 30  13 100 100 100   0   0    0   0   0   0   0   0   0   0   0   0   0   0 100
Miguel_Moya   32 esp 20  1  1  1 30 885 100 100 100   0   0    0   0   0   0   0   0   0   0   0   0   0   0 100
M_Barovero    32 arg 20  1  1  1 30 579 100 100 100   0   0    0   0   0   0   0   0   0   0   0   0   0   0 100
Kiko_Casilla  30 esp 20  1  1  1 30 450 100 100 100   0   0    0   0   0   0   0   0   0   0   0   0   0   0 100
Sergio_Romero 29 arg 20  1  1  1 30 283 100 100 100   0   0    0   0   0   0   0   0   0   0   0   0   0   0 100
Timo_Horn     23 ale 20  1  1  1 30 221 100 100 100   0   0    0   0   0   0   0   0   0   0   0   0   0   0 100
Neto          27 bra 20  1  1  1 30 211 100 100 100   0   0    0   0   0   0   0   0   0   0   0   0   0   0 100
Michel_Vorm   33 hol 20  1  1  1 30 210 100 100 100   0   0    0   0   0   0   0   0   0   0   0   0   0   0 100
David_Ospina  28 col 20  1  1  1 30   7 100 100 100   0   0    0   0   0   0   0   0   0   0   0   0   0   0 100
Sven_Ulreich  28 ale 19  1  1  1 30 954 100 100 100   0   0    0   0   0   0   0   0   0   0   0   0   0   0 100
W_Caballero   35 arg 19  1  1  1 30 943 100 100 100   0   0    0   0   0   0   0   0   0   0   0   0   0   0 100
Rafael        26 bra 19  1  1  1 30 933 100 100 100   0   0    0   0   0   0   0   0   0   0   0   0   0   0 100
JP_Carrizo    32 arg 19  1  1  1 30 836 100 100 100   0   0    0   0   0   0   0   0   0   0   0   0   0   0 100
Beto          34 por 19  1  1  1 30 835 100 100 100   0   0    0   0   0   0   0   0   0   0   0   0   0   0 100
Weidenfeller  36 ale 19  1  1  1 30 624 100 100 100   0   0    0   0   0   0   0   0   0   0   0   0   0   0 100
Koen_Casteels 24 blg 19  1  1  1 30 297 100 100 100   0   0    0   0   0   0   0   0   0   0   0   0   0   0 100
J_Domenech    26 esp 19  1  1  1 30 202 100 100 100   0   0    0   0   0   0   0   0   0   0   0   0   0   0 100
Chris_Abbiati 39 ita 18  1  1  1 30 984 100 100 100   0   0    0   0   0   0   0   0   0   0   0   0   0   0 100
De_Sanctis    39 ita 18  1  1  1 30 984 100 100 100   0   0    0   0   0   0   0   0   0   0   0   0   0   0 100
Fabian_Giefer 26 ale 18  1  1  1 30 958 100 100 100   0   0    0   0   0   0   0   0   0   0   0   0   0   0 100
Gabriel       24 bra 18  1  1  1 30 541 100 100 100   0   0    0   0   0   0   0   0   0   0   0   0   0   0 100
Rubinho       34 bra 18  1  1  1 30 341 100 100 100   0   0    0   0   0   0   0   0   0   0   0   0   0   0 100
Marco_Amelia  34 ita 18  1  1  1 30 221 100 100 100   0   0    0   0   0   0   0   0   0   0   0   0   0   0 100
Jordi_Masip   28 esp 18  1  1  1 30 202 100 100 100   0   0    0   0   0   0   0   0   0   0   0   0   0   0 100
R_Pasveer     33 hol 18  1  1  1 30  80 100 100 100   0   0    0   0   0   0   0   0   0   0   0   0   0   0 100
Andre_Onana   20 cam 17  1  1  1 30 909 100 100 100   0   0    0   0   0   0   0   0   0   0   0   0   0   0 100
Tom_Starke    35 ale 17  1  1  1 30 900 100 100 100   0   0    0   0   0   0   0   0   0   0   0   0   0   0 100
Sam_Johnstone 23 ing 17  1  1  1 30 801 100 100 100   0   0    0   0   0   0   0   0   0   0   0   0   0   0 100
M_Gspurning   35 aut 17  1  1  1 30 801 100 100 100   0   0    0   0   0   0   0   0   0   0   0   0   0   0 100
V_Malafeev    37 rus 17  1  1  1 30 700 100 100 100   0   0    0   0   0   0   0   0   0   0   0   0   0   0 100
N_Douchez     36 fra 17  1  1  1 30 700 100 100 100   0   0    0   0   0   0   0   0   0   0   0   0   0   0 100
Max_Grun      29 ale 17  1  1  1 30 541 100 100 100   0   0    0   0   0   0   0   0   0   0   0   0   0   0 100
Bodgan_Lobont 39 rum 17  1  1  1 30 481 100 100 100   0   0    0   0   0   0   0   0   0   0   0   0   0   0 100
L_Koopmans    23 hol 17  1  1  1 30 368 100 100 100   0   0    0   0   0   0   0   0   0   0   0   0   0   0 100
Adam_Bogdan   29 hng 17  1  1  1 30 300 100 100 100   0   0    0   0   0   0   0   0   0   0   0   0   0   0 100
Ruben_Yañez   23 esp 17  1  1  1 30 202 100 100 100   0   0    0   0   0   0   0   0   0   0   0   0   0   0 100
M_Kerzhakov   30 rus 17  1  1  1 30 100 100 100 100   0   0    0   0   0   0   0   0   0   0   0   0   0   0 100
R_Wright      39 ing 17  1  1  1 30   2 100 100 100   0   0    0   0   0   0   0   0   0   0   0   0   0   0 100
Matt_Macey    22 ing 16  1  1  1 30 801 100 100 100   0   0    0   0   0   0   0   0   0   0   0   0   0   0 100
David_Soria   23 esp 16  1  1  1 30 801 100 100 100   0   0    0   0   0   0   0   0   0   0   0   0   0   0 100
Diederik_Boer 36 hol 16  1  1  1 30 700 100 100 100   0   0    0   0   0   0   0   0   0   0   0   0   0   0 100
Emil_Audero   20 ita 16  1  1  1 30 341 100 100 100   0   0    0   0   0   0   0   0   0   0   0   0   0   0 100
Dario_Kresic  32 cro 16  1  1  1 30 300 100 100 100   0   0    0   0   0   0   0   0   0   0   0   0   0   0 100
J_Blackman    23 ing 16  1  1  1 30 177 100 100 100   0   0    0   0   0   0   0   0   0   0   0   0   0   0 100
D_Yelldell    34 usa 16  1  1  1 30 100 100 100 100   0   0    0   0   0   0   0   0   0   0   0   0   0   0 100
Keisuke_Honda 30 jap  1  1 18 16 30 100  85  25  98   0   0    0   0   0   0   0   0   0   0   0   0   0   0 100
K_Manolas     25 gre  1 23  1  1 30 100 770 999 548   0   0    0   0   0   0   0   0   0   0   0   0   0   0 100
Gerard_Pique  29 esp  1 23 11  1 30 100 600 610 468   0   0    0   0   0   0   0   0   0   0   0   0   0   0 100
Thiago_Silva  32 bra  1 23  1  1 30 100 495 974 513   0   0    0   0   0   0   0   0   0   0   0   0   0   0 100
David_Alaba   24 aut  1 23 19 11 30 100 406 623 749   0   0    0   0   0   0   0   0   0   0   0   0   0   0 100
Jordi_Alba    27 esp  1 23 11  8 30 100 253 575 770   0   0    0   0   0   0   0   0   0   0   0   0   0   0 100
Sergio_Ramos  30 esp  1 23 10  6 30 100 232 305 703   0   0    0   0   0   0   0   0   0   0   0   0   0   0 100
H_Bellerin    21 esp  1 23 10  7 30 100 213 314 714   0   0    0   0   0   0   0   0   0   0   0   0   0   0 100
Diego_Godin   30 uru  1 23  1  1 30 100 167 920 504   0   0    0   0   0   0   0   0   0   0   0   0   0   0 100
P_Mertesacker 32 ale  1 23  1  1 30 100 112 895 604   0   0    0   0   0   0   0   0   0   0   0   0   0   0 100
L_Koscielny   31 fra  1 23  1  1 30 100  81 922 532   0   0    0   0   0   0   0   0   0   0   0   0   0   0 100
Dani_Alves    33 bra  1 23 10  9 30 100  39 672 923   0   0    0   0   0   0   0   0   0   0   0   0   0   0 100
David_Luiz    29 bra  1 23 11  1 30 100  38 701 499   0   0    0   0   0   0   0   0   0   0   0   0   0   0 100
Rapha_Varane  23 fra  1 22  1  1 30 100 990 815 403   0   0    0   0   0   0   0   0   0   0   0   0   0   0 100
Dani_Carvajal 25 esp  1 22 11  7 30 100 970 623 714   0   0    0   0   0   0   0   0   0   0   0   0   0   0 100
Philipp_Lahm  33 ale  1 22 21 10 30 100 934  21 909   0   0    0   0   0   0   0   0   0   0   0   0   0   0 100
Jer_Boateng   28 ale  1 22  1  1 30 100 891 925 490   0   0    0   0   0   0   0   0   0   0   0   0   0   0 100
G_Chiellini   32 ita  1 22  1  1 30 100 847 828 358   0   0    0   0   0   0   0   0   0   0   0   0   0   0 100
Jose_Gayá     21 esp  1 22 10  8 30 100 773 389 568   0   0    0   0   0   0   0   0   0   0   0   0   0   0 100
Alex_Telles   24 bra  1 22 10  9 30 100 745 440 860   0   0    0   0   0   0   0   0   0   0   0   0   0   0 100
Matt_Hummels  28 ale  1 22  1  1 30 100 735 800 448   0   0    0   0   0   0   0   0   0   0   0   0   0   0 100
B_Howedes     28 ale  1 22 11  7 30 100 730 333 697   0   0    0   0   0   0   0   0   0   0   0   0   0   0 100
Marquinhos    22 bra  1 22  1  1 30 100 717 999 521   0   0    0   0   0   0   0   0   0   0   0   0   0   0 100
Javi_Martinez 28 esp  1 22 19  1 30 100 676 640 508   0   0    0   0   0   0   0   0   0   0   0   0   0   0 100
Miranda       32 bra  1 22  1  1 30 100 645 974 466   0   0    0   0   0   0   0   0   0   0   0   0   0   0 100
Medhi_Benatia 29 mar  1 22  1  1 30 100 633 925 521   0   0    0   0   0   0   0   0   0   0   0   0   0   0 100
Alderweireld  27 blg  1 22  1  1 30 100 633 900 598   0   0    0   0   0   0   0   0   0   0   0   0   0   0 100
Serge_Aurier  24 cma  1 22 11  9 30 100 631 385 817   0   0    0   0   0   0   0   0   0   0   0   0   0   0 100
A_Laporte     22 fra  1 22  1  1 30 100 624 890 497   0   0    0   0   0   0   0   0   0   0   0   0   0   0 100
R_Rodriguez   24 swi  1 22 11  8 30 100 617 131 565   0   0    0   0   0   0   0   0   0   0   0   0   0   0 100
Nico_Otamendi 28 arg  1 22  1  1 30 100 595 910 481   0   0    0   0   0   0   0   0   0   0   0   0   0   0 100
Marcelo       28 bra  1 22 11  8 30 100 550  94 692   0   0    0   0   0   0   0   0   0   0   0   0   0   0 100
S_Mustafi     24 ale  1 22  1  1 30 117 462 944 529   0   0    0   0   0   0   0   0   0   0   0   0   0   0 100
C_Azpilicueta 27 esp  1 22 11  7 30 100 378 214 480   0   0    0   0   0   0   0   0   0   0   0   0   0   0 100
E_Bailly      22 cma  1 22 10  9 30 100 370  36 560   0   0    0   0   0   0   0   0   0   0   0   0   0   0 100
Nacho_Monreal 30 esp  1 22 11  7 30 100 369 815 768   0   0    0   0   0   0   0   0   0   0   0   0   0   0 100
S_de_Vrij     25 hol  1 22  1  1 30 100 361 959 559   0   0    0   0   0   0   0   0   0   0   0   0   0   0 100
Pepe          33 por  1 22  1  1 30 100 353 875 460   0   0    0   0   0   0   0   0   0   0   0   0   0   0 100
V_Kompany     30 blg  1 22  1  1 30 100 352 915 497   0   0    0   0   0   0   0   0   0   0   0   0   0   0 100
Phil_Jones    24 ing  1 22  1  1 30 100 346 835 440   0   0    0   0   0   0   0   0   0   0   0   0   0   0 100
J_Mathieu     33 fra  1 22 10  7 30 100 332 516 684   0   0    0   0   0   0   0   0   0   0   0   0   0   0 100
Gary_Cahill   31 ing  1 22  1  1 30 100 293 963 471   0   0    0   0   0   0   0   0   0   0   0   0   0   0 100
Joel_Matip    25 cam  1 22  1  1 30 100 289 830 439   0   0    0   0   0   0   0   0   0   0   0   0   0   0 100
Marcos_Rojo   26 arg  1 22 10  7 30 100 283 500 754   0   0    0   0   0   0   0   0   0   0   0   0   0   0 100
Stefan_Savic  26 mon  1 22  1  1 30 100 273 979 565   0   0    0   0   0   0   0   0   0   0   0   0   0   0 100
Elseid_Hysaj  22 mar  1 22 10  6 30 100 251 355 674   0   0    0   0   0   0   0   0   0   0   0   0   0   0 100
A_Barzagli    35 ita  1 22  1  1 30 100 250 799 496   0   0    0   0   0   0   0   0   0   0   0   0   0   0 100
Naldo         34 bra  1 22  1  1 30 100 241 900 585   0   0    0   0   0   0   0   0   0   0   0   0   0   0 100
J_Vertonghen  29 blg  1 22 11  7 30 100 214 456 745   0   0    0   0   0   0   0   0   0   0   0   0   0   0 100
K_Wimmer      24 aut  1 22  1  1 30 100 198 910 492   0   0    0   0   0   0   0   0   0   0   0   0   0   0 100
Raul_Albiol   31 esp  1 22  1  1 30 100 161 750 391   0   0    0   0   0   0   0   0   0   0   0   0   0   0 100
Luke_Shaw     21 ing  1 22 10  9 30 100 141 230 809   0   0    0   0   0   0   0   0   0   0   0   0   0   0 100
Jose_Gimenez  22 uru  1 22  1  1 30 100 138 880 502   0   0    0   0   0   0   0   0   0   0   0   0   0   0 100
Nath_Clyne    25 ing  1 22 10  9 30 100 131 187 604   0   0    0   0   0   0   0   0   0   0   0   0   0   0 100
Kurt_Zouma    22 fra  1 22  1  1 30 100 130 974 488   0   0    0   0   0   0   0   0   0   0   0   0   0   0 100
C_Smalling    27 ing  1 22  1  1 30 100 103 860 471   0   0    0   0   0   0   0   0   0   0   0   0   0   0 100
John_Terry    36 ing  1 22  1  1 30 100  85 890 472   0   0    0   0   0   0   0   0   0   0   0   0   0   0 100
Eze_Garay     30 arg  1 22  1  1 30 100  71 930 528   0   0    0   0   0   0   0   0   0   0   0   0   0   0 100
L_Kurzawa     24 fra  1 22 10  7 30 100  50 295 542   0   0    0   0   0   0   0   0   0   0   0   0   0   0 100
Joel_Veltman  25 hol  1 22  2  1 30 100  30  19 505   0   0    0   0   0   0   0   0   0   0   0   0   0   0 100
P_Zabaleta    32 arg  1 22 12  9 30 100  13 234 655   0   0    0   0   0   0   0   0   0   0   0   0   0   0 100
Juanfran      32 esp  1 22 10  7 30 100   4 263 551   0   0    0   0   0   0   0   0   0   0   0   0   0   0 100
M_Sakho       26 fra  1 21  1  1 30 100 964 795 407   0   0    0   0   0   0   0   0   0   0   0   0   0   0 100
Filipe_Luis   31 bra  1 21 11  8 30 100 959 315 619   0   0    0   0   0   0   0   0   0   0   0   0   0   0 100
K_Koulibaly   25 sen  1 21  1  1 30 100 946 791 411   0   0    0   0   0   0   0   0   0   0   0   0   0   0 100
A_Abdennour   27 tnz  1 21  1  1 30 100 943 895 480   0   0    0   0   0   0   0   0   0   0   0   0   0   0 100
M_Nastasic    23 srb  1 21  1  1 30 100 939 945 549   0   0    0   0   0   0   0   0   0   0   0   0   0   0 100
Dani_Carrico  28 por  1 21 18  1 30 100 925 771 508   0   0    0   0   0   0   0   0   0   0   0   0   0   0 100
Dejan_Lovren  27 cro  1 21  1  1 30 100 922 885 480   0   0    0   0   0   0   0   0   0   0   0   0   0   0 100
Ben_Davies    23 gal  1 21 11  9 30 100 907 255 545   0   0    0   0   0   0   0   0   0   0   0   0   0   0 100
Leo_Bonucci   29 ita  1 21  1  1 30 100 891 843 391   0   0    0   0   0   0   0   0   0   0   0   0   0   0 100
Juan_Bernat   23 esp  1 21 10  7 30 100 846  51 507   0   0    0   0   0   0   0   0   0   0   0   0   0   0 100
Kenny_Tete    21 hol  1 21 10  7 30 100 825 636 843   0   0    0   0   0   0   0   0   0   0   0   0   0   0 100
J_Riedewald   20 hol  1 21 10  6 30 100 824 343 666   0   0    0   0   0   0   0   0   0   0   0   0   0   0 100
Martin_Skrtel 32 srb  1 21  1  1 30 100 813 880 421   0   0    0   0   0   0   0   0   0   0   0   0   0   0 100
A_Moreno      24 esp  1 21 10  7 30 100 800 402 649   0   0    0   0   0   0   0   0   0   0   0   0   0   0 100
Sokratis      28 gre  1 21 10  7 30 100 782 995 658   0   0    0   0   0   0   0   0   0   0   0   0   0   0 100
Alex          34 bra  1 21  1  1 30 100 769 988 506   0   0    0   0   0   0   0   0   0   0   0   0   0   0 100
Jetro_Willems 22 hol  1 21 10  6 30 100 735 428 609   0   0    0   0   0   0   0   0   0   0   0   0   0   0 100
Kyle_Walker   26 ing  1 21 10  7 30 100 722 142 591   0   0    0   0   0   0   0   0   0   0   0   0   0   0 100
M_Dijks       23 hol  1 21 10  6 30 100 710  81 698   0   0    0   0   0   0   0   0   0   0   0   0   0   0 100
M_Darmian     27 ita  1 21 10  7 30 100 706 261 610   0   0    0   0   0   0   0   0   0   0   0   0   0   0 100
Hector_Moreno 29 mex  1 21  1  1 30 100 689 725 412   0   0    0   0   0   0   0   0   0   0   0   0   0   0 100
Gael_Clichy   31 fra  1 21 10  7 30 100 672 160 523   0   0    0   0   0   0   0   0   0   0   0   0   0   0 100
Jei_Murillo   24 col  1 21  1  1 30 100 661 892 413   0   0    0   0   0   0   0   0   0   0   0   0   0   0 100
Coke          29 esp  1 21 10  7 30 100 660 404 635   0   0    0   0   0   0   0   0   0   0   0   0   0   0 100
K_Trippier    26 ing  1 21 11  7 30 100 628 120 578   0   0    0   0   0   0   0   0   0   0   0   0   0   0 100
H_Badstuber   27 ale  1 21 10  6 30 100 613 276 582   0   0    0   0   0   0   0   0   0   0   0   0   0   0 100
B_Tremoulinas 31 fra  1 21 10  7 30 100 592 212 753   0   0    0   0   0   0   0   0   0   0   0   0   0   0 100
Lucas_Digne   23 fra  1 21 10  7 30 100 589  82 635   0   0    0   0   0   0   0   0   0   0   0   0   0   0 100
Kieran_Gibbs  27 ing  1 21 10  7 30 100 563 173 689   0   0    0   0   0   0   0   0   0   0   0   0   0   0 100
A_Santos      27 bra  1 21  1  1 30 100 561 939 465   0   0    0   0   0   0   0   0   0   0   0   0   0   0 100
D_Figueiras   26 por  1 21  9  7 30 100 547 975 639   0   0    0   0   0   0   0   0   0   0   0   0   0   0 100
Ruben_Vezo    22 por  1 21  1  1 30 100 515 930 496   0   0    0   0   0   0   0   0   0   0   0   0   0   0 100
Omer_Toprak   27 tur  1 21  1  1 30 100 512 800 406   0   0    0   0   0   0   0   0   0   0   0   0   0   0 100
M_Caceres     29 uru  1 21 10  7 30 100 508 244 672   0   0    0   0   0   0   0   0   0   0   0   0   0   0 100
L_Castan      30 bra  1 21  1  1 30 100 493 840 456   0   0    0   0   0   0   0   0   0   0   0   0   0   0 100
Matt_Ginter   23 ale  1 21 17  1 30 100 490 406 544   0   0    0   0   0   0   0   0   0   0   0   0   0   0 100
Danilo        25 bra  1 21 10  7 30 100 477 133 601   0   0    0   0   0   0   0   0   0   0   0   0   0   0 100
Jesus_Gamez   31 esp  1 21 10  6 30 100 465 259 636   0   0    0   0   0   0   0   0   0   0   0   0   0   0 100
A_Rudiger     23 ale  1 21  1  1 30 100 457 875 463   0   0    0   0   0   0   0   0   0   0   0   0   0   0 100
Jonathan_Tah  20 ale  1 21  1  1 30 100 428 720 385   0   0    0   0   0   0   0   0   0   0   0   0   0   0 100
V_Chiriches   27 rum  1 21 10  6 30 100 427 400 438   0   0    0   0   0   0   0   0   0   0   0   0   0   0 100
Alex_Sandro   26 bra  1 21  9  9 30 100 395 840 567   0   0    0   0   0   0   0   0   0   0   0   0   0   0 100
Joao_Cancelo  22 por  1 21 10  6 30 100 394  52 637   0   0    0   0   0   0   0   0   0   0   0   0   0   0 100
Adil_Rami     31 fra  1 21  1  1 30 100 358 890 487   0   0    0   0   0   0   0   0   0   0   0   0   0   0 100
E_Mangala     25 fra  1 21  1  1 30 100 349 988 490   0   0    0   0   0   0   0   0   0   0   0   0   0   0 100
G_Siqueira    30 bra  1 21  8  7 30 100 339 474 677   0   0    0   0   0   0   0   0   0   0   0   0   0   0 100
Lichtsteiner  33 swi  1 21 12  9 30 100 336 343 593   0   0    0   0   0   0   0   0   0   0   0   0   0   0 100
Neven_Subotic 28 srb  1 21  1  1 30 100 321 904 484   0   0    0   0   0   0   0   0   0   0   0   0   0   0 100
L_Piszczek    31 pol  1 21 11  9 30 100 313 281 855   0   0    0   0   0   0   0   0   0   0   0   0   0   0 100
F_Ghoulam     25 alg  1 21 10  7 30 100 305 169 512   0   0    0   0   0   0   0   0   0   0   0   0   0   0 100
S_Kolasinac   23 b&h  1 21 11  7 30 100 280 303 687   0   0    0   0   0   0   0   0   0   0   0   0   0   0 100
Marc_Bartra   26 esp  1 21  1  1 30 100 266 880 451   0   0    0   0   0   0   0   0   0   0   0   0   0   0 100
Juan_Jesus    25 bra  1 21 11  7 30 100 257 255 588   0   0    0   0   0   0   0   0   0   0   0   0   0   0 100
T_Vermaelen   31 blg  1 21  1  1 30 100 251 969 476   0   0    0   0   0   0   0   0   0   0   0   0   0   0 100
Tin_Jedvaj    20 cro  1 21 11  7 30 117 249 167 722   0   0    0   0   0   0   0   0   0   0   0   0   0   0 100
B_Ivanovic    32 srb  1 21 10  7 30 100 245 336 596   0   0    0   0   0   0   0   0   0   0   0   0   0   0 100
Jeffrey_Bruma 25 hol  1 21 11  7 30 100 231 376 610   0   0    0   0   0   0   0   0   0   0   0   0   0   0 100
Phil_Mexes    34 fra  1 21  1  1 30 100 221 935 485   0   0    0   0   0   0   0   0   0   0   0   0   0   0 100
Van_der_Wiel  28 hol  1 21 10  7 30 100 196 101 689   0   0    0   0   0   0   0   0   0   0   0   0   0   0 100
L_Antonelli   29 ita  1 21 10  7 30 100 170 365 644   0   0    0   0   0   0   0   0   0   0   0   0   0   0 100
S_Caulker     25 ing  1 21  1  1 30 100 168 870 455   0   0    0   0   0   0   0   0   0   0   0   0   0   0 100
Patrice_Evra  35 fra  1 21 12  8 30 100 158 296 696   0   0    0   0   0   0   0   0   0   0   0   0   0   0 100
Maxwell       35 bra  1 21 10  6 30 100 140 114 665   0   0    0   0   0   0   0   0   0   0   0   0   0   0 100
Serdar_Tasci  29 ale  1 21  1  1 30 100 128 875 486   0   0    0   0   0   0   0   0   0   0   0   0   0   0 100
Jr_Caicara    27 bra  1 21 10  7 30 100 123 203 709   0   0    0   0   0   0   0   0   0   0   0   0   0   0 100
A_Iraola      34 esp  1 21 10  7 30 100 118  86 492   0   0    0   0   0   0   0   0   0   0   0   0   0   0 100
R_van_Rhijn   25 hol  1 21 10  7 30 100  73 217 583   0   0    0   0   0   0   0   0   0   0   0   0   0   0 100
Aleix_Vidal   27 esp  1 21 11  9 30 100  59 114 690   0   0    0   0   0   0   0   0   0   0   0   0   0   0 100
Danny_Rose    26 ing  1 21 10  9 30 100  55   1 554   0   0    0   0   0   0   0   0   0   0   0   0   0   0 100
Bacary_Sagna  33 fra  1 21 10  7 30 100  33 187 611   0   0    0   0   0   0   0   0   0   0   0   0   0   0 100
Ivan_Tomecak  27 cro  1 20 10  9 30 100 982 209 395   0   0    0   0   0   0   0   0   0   0   0   0   0   0 100
Maicon        35 bra  1 20 10  9 30 100 974 282 629   0   0    0   0   0   0   0   0   0   0   0   0   0   0 100
Joshua_Brenet 22 hol  1 20 10  7 30 100 971  66 654   0   0    0   0   0   0   0   0   0   0   0   0   0   0 100
S_Arias       25 col  1 20 10  7 30 100 911 308 489   0   0    0   0   0   0   0   0   0   0   0   0   0   0 100
Daley_Blind   26 hol  1 20 18  1 30 100 895 456 481   0   0    0   0   0   0   0   0   0   0   0   0   0   0 100
M_Schmelzer   29 ale  1 20 11  7 30 100 883 226 597   0   0    0   0   0   0   0   0   0   0   0   0   0   0 100
Wendell       23 bra  1 20  9  7 30 100 881 886 449   0   0    0   0   0   0   0   0   0   0   0   0   0   0 100
A_Barragan    29 esp  1 20 10  7 30 100 880 221 514   0   0    0   0   0   0   0   0   0   0   0   0   0   0 100
Dante         33 bra  1 20  1  1 30 100 857 769 420   0   0    0   0   0   0   0   0   0   0   0   0   0   0 100
M_De_Sciglio  24 ita  1 20 10  7 30 100 811 142 537   0   0    0   0   0   0   0   0   0   0   0   0   0   0 100
Erik_Durm     24 ale  1 20 10  7 30 100 803  19 501   0   0    0   0   0   0   0   0   0   0   0   0   0   0 100
Ignazio_Abate 30 ita  1 20  9  7 30 100 754 965 518   0   0    0   0   0   0   0   0   0   0   0   0   0   0 100
Dani_Rugani   22 ita  1 20  1  1 30 100 751 760 410   0   0    0   0   0   0   0   0   0   0   0   0   0   0 100
Nico_Pareja   33 arg  1 20  1  1 30 100 748 860 491   0   0    0   0   0   0   0   0   0   0   0   0   0   0 100
Seba_Jung     26 ale  1 20 10  7 30 100 670 204 592   0   0    0   0   0   0   0   0   0   0   0   0   0   0 100
Rafinha       31 bra  1 20 10  6 30 100 666  11 574   0   0    0   0   0   0   0   0   0   0   0   0   0   0 100
Cris_Zapata   30 col  1 20  1  1 30 100 615 905 496   0   0    0   0   0   0   0   0   0   0   0   0   0   0 100
Mariano       30 bra  1 20 10  6 30 100 611 138 577   0   0    0   0   0   0   0   0   0   0   0   0   0   0 100
Davide_Santon 26 ita  1 20 10  7 30 100 610 132 636   0   0    0   0   0   0   0   0   0   0   0   0   0   0 100
Dennis_Aogo   30 ale  1 20 10  6 30 100 557 162 564   0   0    0   0   0   0   0   0   0   0   0   0   0   0 100
A_Rahman_Baba 22 gha  1 20 10  7 30 100 535   6 515   0   0    0   0   0   0   0   0   0   0   0   0   0   0 100
A_Arbeloa     34 esp  1 20  9  6 30 100 501  48 515   0   0    0   0   0   0   0   0   0   0   0   0   0   0 100
R_Hilbert     31 ale  1 20 10  7 30 100 489  31 707   0   0    0   0   0   0   0   0   0   0   0   0   0   0 100
A_Romagnoli   22 ita  1 20  1  1 30 100 470 860 486   0   0    0   0   0   0   0   0   0   0   0   0   0   0 100
Jon_Flanagan  24 ing  1 20 10  6 30 100 464  45 571   0   0    0   0   0   0   0   0   0   0   0   0   0   0 100
C_Chambers    22 ing  1 20  9  6 30 100 427 940 544   0   0    0   0   0   0   0   0   0   0   0   0   0   0 100
M_Demichelis  36 arg  1 20  1  1 30 100 395 895 502   0   0    0   0   0   0   0   0   0   0   0   0   0   0 100
R_Neustadter  28 ale  1 20 11  1 30 100 391  66 504   0   0    0   0   0   0   0   0   0   0   0   0   0   0 100
A_Kolarov     31 srb  1 20 10  7 30 100 381  25 606   0   0    0   0   0   0   0   0   0   0   0   0   0   0 100
Chris_Maggio  34 ita  1 20  9  6 30 100 286 927 395   0   0    0   0   0   0   0   0   0   0   0   0   0   0 100
Isimat-Mirin  25 fra  1 20  1  1 30 100 280 934 502   0   0    0   0   0   0   0   0   0   0   0   0   0   0 100
Emerson       22 bra  1 20  9  6 30 100 267  28 645   0   0    0   0   0   0   0   0   0   0   0   0   0   0 100
F_Fazio       29 arg  1 20  1  1 30 100 228 880 491   0   0    0   0   0   0   0   0   0   0   0   0   0   0 100
S_Poulsen     32 din  1 20  8  5 30 100 213  43 548   0   0    0   0   0   0   0   0   0   0   0   0   0   0 100
A_Uchida      28 jap  1 20  9  7 30 100 182 954 476   0   0    0   0   0   0   0   0   0   0   0   0   0   0 100
Van_der_Hoorn 24 hol  1 20  1  1 30 100 153 890 482   0   0    0   0   0   0   0   0   0   0   0   0   0   0 100
Tiago_Ilori   23 por  1 20  1  1 30 100 127 895 496   0   0    0   0   0   0   0   0   0   0   0   0   0   0 100
Ivan_Strinic  29 cro  1 20 10  6 30 100  58  33 443   0   0    0   0   0   0   0   0   0   0   0   0   0   0 100
Robin_Knoche  24 ale  1 19  1  1 30 100 975 740 431   0   0    0   0   0   0   0   0   0   0   0   0   0   0 100
Chris_Trasch  29 ale  1 19  9  6 30 100 947 868 494   0   0    0   0   0   0   0   0   0   0   0   0   0   0 100
V_Torosidis   31 gre  1 19 11  7 30 100 927 110 527   0   0    0   0   0   0   0   0   0   0   0   0   0   0 100
Gabriel       26 bra  1 19  1  1 30 100 879 900 505   0   0    0   0   0   0   0   0   0   0   0   0   0   0 100
Menno_Koch    22 hol  1 19  1  1 30 100 768 845 534   0   0    0   0   0   0   0   0   0   0   0   0   0   0 100
M_Andreolli   30 ita  1 19  1  1 30 100 715 910 500   0   0    0   0   0   0   0   0   0   0   0   0   0   0 100
Adriano       32 bra  1 19  9  7 30 100 632 900 500   0   0    0   0   0   0   0   0   0   0   0   0   0   0 100
S_Boenisch    29 pol  1 19  8  6 30 100 599 945 505   0   0    0   0   0   0   0   0   0   0   0   0   0   0 100
Y_Nagatomo    30 jap  1 19 10  8 30 100 429 999 503   0   0    0   0   0   0   0   0   0   0   0   0   0   0 100
Felipe        27 bra  1 19  1  1 30 100 396 895 495   0   0    0   0   0   0   0   0   0   0   0   0   0   0 100
Kolo_Toure    35 cma  1 19  1  1 30 100 341 740 420   0   0    0   0   0   0   0   0   0   0   0   0   0   0 100
Kolodziejczak 25 fra  1 19  9  7 30 100 233 900 500   0   0    0   0   0   0   0   0   0   0   0   0   0   0 100
Douglas       26 bra  1 19  9  7 30 100 202 900 500   0   0    0   0   0   0   0   0   0   0   0   0   0   0 100
Matt_Miazga   21 usa  1 19  1  1 30 100 189 900 500   0   0    0   0   0   0   0   0   0   0   0   0   0   0 100
J_de_Wijs     22 hol  1 19  1  1 30 100  44 985 577   0   0    0   0   0   0   0   0   0   0   0   0   0   0 100
S_Escudero    27 esp  1 19  9  7 30 100   2 900 500   0   0    0   0   0   0   0   0   0   0   0   0   0   0 100
N_Viergever   27 hol  1 18  9  6 30 100 936 935 549   0   0    0   0   0   0   0   0   0   0   0   0   0   0 100
Felipe        29 bra  1 18  1  1 30 100 519 900 501   0   0    0   0   0   0   0   0   0   0   0   0   0   0 100
S_Alberto     20 hol  1 18  1  1 30 100 487 910 500   0   0    0   0   0   0   0   0   0   0   0   0   0   0 100
N_Gyomber     24 esq  1 18  1  1 30 100 453 590 340   0   0    0   0   0   0   0   0   0   0   0   0   0   0 100
E_Zukanovic   29 b&h  1 18  9  6 30 100 399 590 345   0   0    0   0   0   0   0   0   0   0   0   0   0   0 100
Robin_Becker  19 ale  1 18  7  4 30 100 332 935 491   0   0    0   0   0   0   0   0   0   0   0   0   0   0 100
L_Hernandez   20 fra  1 18  6  4 30 100 108 915 508   0   0    0   0   0   0   0   0   0   0   0   0   0   0 100
Luismi        24 esp  1 18 10  1 30 100   2 900 500   0   0    0   0   0   0   0   0   0   0   0   0   0   0 100
Jose_Enrique  31 esp  1 17  9  6 30 100 912  89 207   0   0    0   0   0   0   0   0   0   0   0   0   0   0 100
D'Ambrosio    28 ita  1 17  9  6 30 100 870 120 160   0   0    0   0   0   0   0   0   0   0   0   0   0   0 100
M_Sprenger    21 ale  1 17  1  1 30 100 843 974 559   0   0    0   0   0   0   0   0   0   0   0   0   0   0 100
Alek_Anyukov  34 rus  1 17  9  8 30 100 700 100 100   0   0    0   0   0   0   0   0   0   0   0   0   0   0 100
F_Passlack    18 ale  1 17  7  5 30 100 512 900 505   0   0    0   0   0   0   0   0   0   0   0   0   0   0 100
Joo-Ho_Park   30 csu  1 17  9  5 30 100 500 100 100   0   0    0   0   0   0   0   0   0   0   0   0   0   0 100
S_Riether     33 ale  1 17  9  6 30 100 383 120 110   0   0    0   0   0   0   0   0   0   0   0   0   0   0 100
Rodrigo_Ely   23 bra  1 16  1  1 30 100 700 100 100   0   0    0   0   0   0   0   0   0   0   0   0   0   0 100
Pat_McNair    21 irl  1 16  8  6 30 100 500 100 100   0   0    0   0   0   0   0   0   0   0   0   0   0   0 100
Joe_Gomez     19 ing  1 16  8  5 30 100 500 100 100   0   0    0   0   0   0   0   0   0   0   0   0   0   0 100
Vasco_Regini  25 ita  1 16  8  5 30 100 134 130 105   0   0    0   0   0   0   0   0   0   0   0   0   0   0 100
C_Randall     21 ing  1 16  8  6 30 100 100 100 100   0   0    0   0   0   0   0   0   0   0   0   0   0   0 100
Lionel_Messi  29 arg  1  1 24 22 30 100 544 726 764   0   0    0   0   0   0   0   0   0   0   0   0   0   0 100
A_Iniesta     32 esp  1 11 23 16 30 100 156 502 989   0   0    0   0   0   0   0   0   0   0   0   0   0   0 100
Paul_Pogba    23 fra  1 12 23 17 30 100 146 278 505   0   0    0   0   0   0   0   0   0   0   0   0   0   0 100
Eden_Hazard   26 blg  1  1 23 21 30 100 554  81 454   0   0    0   0   0   0   0   0   0   0   0   0   0   0 100
Ivan_Rakitic  28 cro  1 10 23 12 30 100 885  75 466   0   0    0   0   0   0   0   0   0   0   0   0   0   0 100
James_Rdguez  25 col  1 10 23 20 30 100 820  51 528   0   0    0   0   0   0   0   0   0   0   0   0   0   0 100
Mesut_Ozil    28 ale  1  1 22 20 30 100 529 972 563   0   0    0   0   0   0   0   0   0   0   0   0   0   0 100
Aaron_Ramsey  26 gal  1 12 22 11 30 100 333 962 824   0   0    0   0   0   0   0   0   0   0   0   0   0   0 100
Isco          24 esp  1 10 22 20 30 100 870 948 571   0   0    0   0   0   0   0   0   0   0   0   0   0   0 100
S_Busquets    28 esp  1 19 22  1 30 100 963 932 528   0   0    0   0   0   0   0   0   0   0   0   0   0   0 100
Luka_Modric   31 cro  1 20 22 12 30 100 257 886 965   0   0    0   0   0   0   0   0   0   0   0   0   0   0 100
Toni_Kroos    27 ale  1 20 22 10 30 100 493 850 879   0   0    0   0   0   0   0   0   0   0   0   0   0   0 100
K_De_Bruyne   25 blg  1  1 22 20 30 100 588 743 449   0   0    0   0   0   0   0   0   0   0   0   0   0   0 100
Marco_Reus    27 ale  1  1 22 19 30 100 534 727 505   0   0    0   0   0   0   0   0   0   0   0   0   0   0 100
A_Griezmann   25 fra  1  1 22 20 30 100 588 712 963   0   0    0   0   0   0   0   0   0   0   0   0   0   0 100
A_Sanchez     28 chi  1  1 22 20 30 100 495 674 758   0   0    0   0   0   0   0   0   0   0   0   0   0   0 100
Arjen_Robben  33 hol  1  1 22 21 30 100 524 643 523   0   0    0   0   0   0   0   0   0   0   0   0   0   0 100
Mario_Gotze   24 ale  1 10 22 19 30 100 793 638 418   0   0    0   0   0   0   0   0   0   0   0   0   0   0 100
I_Gundogan    26 ale  1 10 22 13 30 100 883 607 217   0   0    0   0   0   0   0   0   0   0   0   0   0   0 100
Koke          25 esp  1 12 22 20 30 100  91 566 564   0   0    0   0   0   0   0   0   0   0   0   0   0   0 100
Xabi_Alonso   35 esp  1 19 22  8 30 100 707 504 739   0   0    0   0   0   0   0   0   0   0   0   0   0   0 100
Cesc_Fabregas 29 esp  1 10 22 14 30 100 775 494  19   0   0    0   0   0   0   0   0   0   0   0   0   0   0 100
Miral_Pjanic  26 b&h  1 11 22 10 30 100 823 466 699   0   0    0   0   0   0   0   0   0   0   0   0   0   0 100
R_Bazoer      20 hol  1 10 22  9 30 100 387 459 727   0   0    0   0   0   0   0   0   0   0   0   0   0   0 100
Arturo_Vidal  29 chi  1 13 22 12 30 100 678 409 896   0   0    0   0   0   0   0   0   0   0   0   0   0   0 100
G_Krychowiak  27 pol  1 21 22  1 30 100  39 361 557   0   0    0   0   0   0   0   0   0   0   0   0   0   0 100
Javi_Pastore  27 arg  1 11 22 20 30 100 115 349 701   0   0    0   0   0   0   0   0   0   0   0   0   0   0 100
Thiago        25 esp  1 11 22 10 30 100 171 339 732   0   0    0   0   0   0   0   0   0   0   0   0   0   0 100
A_Di_Maria    28 arg  1  1 22 21 30 100 499 318  14   0   0    0   0   0   0   0   0   0   0   0   0   0   0 100
Moutinho      30 por  1 12 22 16 30 100 931 315  94   0   0    0   0   0   0   0   0   0   0   0   0   0   0 100
Yaya_Toure    33 cma  1  8 22 11 30 100 937 310  79   0   0    0   0   0   0   0   0   0   0   0   0   0   0 100
Douglas_Costa 26 bra  1  1 22 19 30 100 485 293 727   0   0    0   0   0   0   0   0   0   0   0   0   0   0 100
Memphis_Depay 22 hol  1  1 22 19 30 100 549 291 836   0   0    0   0   0   0   0   0   0   0   0   0   0   0 100
Schweisteiger 32 ale  1 19 22 15 30 100 835 269 982   0   0    0   0   0   0   0   0   0   0   0   0   0   0 100
M_Verratti    24 ita  1 20 22 12 30 100 779 266 732   0   0    0   0   0   0   0   0   0   0   0   0   0   0 100
J_Mascherano  32 arg  1 20 22  1 30 100 861 233 504   0   0    0   0   0   0   0   0   0   0   0   0   0   0 100
N_Matic       28 srb  1 21 22  1 30 100   7 233 447   0   0    0   0   0   0   0   0   0   0   0   0   0   0 100
Ever_Banega   28 arg  1 11 22 18 30 100 112 222 275   0   0    0   0   0   0   0   0   0   0   0   0   0   0 100
B_Matuidi     29 fra  1 21 22 13 30 100   9 220  48   0   0    0   0   0   0   0   0   0   0   0   0   0   0 100
C_Eriksen     24 din  1  1 22 20 30 100 510 148 536   0   0    0   0   0   0   0   0   0   0   0   0   0   0 100
Coutinho      24 bra  1  9 22 20 30 100 892 136 270   0   0    0   0   0   0   0   0   0   0   0   0   0   0 100
David_Silva   31 esp  1  1 22 20 30 100 583 124 613   0   0    0   0   0   0   0   0   0   0   0   0   0   0 100
Dimitri_Payet 29 fra  1  1 22 20 30 100 553  89 239   0   0    0   0   0   0   0   0   0   0   0   0   0   0 100
R_Sterling    22 ing  1  1 22 20 30 100 465  71 427   0   0    0   0   0   0   0   0   0   0   0   0   0   0 100
Mateo_Kovacic 22 cro  1 10 22  9 30 100  50  43 721   0   0    0   0   0   0   0   0   0   0   0   0   0   0 100
Andre_Gomes   23 por  1  9 22 18 30 100 680  42 429   0   0    0   0   0   0   0   0   0   0   0   0   0   0 100
Lars_Bender   27 ale  1 20 22 11 30 100 771  23 748   0   0    0   0   0   0   0   0   0   0   0   0   0   0 100
C_Marchisio   31 ita  1 19 22 11 30 100 151  12 614   0   0    0   0   0   0   0   0   0   0   0   0   0   0 100
Santi_Cazorla 32 esp  1 10 21 19 30 100 633 992 333   0   0    0   0   0   0   0   0   0   0   0   0   0   0 100
N'Golo_Kanté  25 fra  1 20 21  1 30 100 993 992 491   0   0    0   0   0   0   0   0   0   0   0   0   0   0 100
Schneiderlin  27 fra  1 21 21 10 30 100 273 976 794   0   0    0   0   0   0   0   0   0   0   0   0   0   0 100
Thiago_Motta  34 ita  1 19 21  1 30 100 871 964 492   0   0    0   0   0   0   0   0   0   0   0   0   0   0 100
Arda_Turan    30 tur  1 11 21 20 30 100 943 941 897   0   0    0   0   0   0   0   0   0   0   0   0   0   0 100
Oscar         25 bra  1  1 21 19 30 100 470 899 355   0   0    0   0   0   0   0   0   0   0   0   0   0   0 100
Joao_Mario    23 por  1 11 21 15 30 100 651 862   4   0   0    0   0   0   0   0   0   0   0   0   0   0   0 100
Willian       28 bra  1  1 21 20 30 100 514 851 521   0   0    0   0   0   0   0   0   0   0   0   0   0   0 100
Dani_Parejo   27 esp  1 12 21 11 30 100 152 830 691   0   0    0   0   0   0   0   0   0   0   0   0   0   0 100
Shinji_Kagawa 27 jap  1  1 21 19 30 100 510 815 283   0   0    0   0   0   0   0   0   0   0   0   0   0   0 100
Franck_Ribery 33 fra  1  1 21 20 30 100 540 792 970   0   0    0   0   0   0   0   0   0   0   0   0   0   0 100
Ivan_Perisic  27 cro  1  1 21 19 30 100 450 765 295   0   0    0   0   0   0   0   0   0   0   0   0   0   0 100
M_Dembele     29 blg  1 11 21 12 30 100  35 759 172   0   0    0   0   0   0   0   0   0   0   0   0   0   0 100
Luiz_Gustavo  29 bra  1 21 21  1 30 100 347 751 401   0   0    0   0   0   0   0   0   0   0   0   0   0   0 100
D_De_Rossi    33 ita  1 21 21  1 30 100 239 722 554   0   0    0   0   0   0   0   0   0   0   0   0   0   0 100
Chris_Kramer  25 ale  1 19 21 11 30 100 752 719 947   0   0    0   0   0   0   0   0   0   0   0   0   0   0 100
J_Draxler     23 ale  1  1 21 18 30 100 410 706 126   0   0    0   0   0   0   0   0   0   0   0   0   0   0 100
Davy_Klaassen 23 hol  1 10 21 19 30 100  18 700 274   0   0    0   0   0   0   0   0   0   0   0   0   0   0 100
Juan_Mata     28 esp  1  1 21 19 30 100 632 654 534   0   0    0   0   0   0   0   0   0   0   0   0   0   0 100
Oliver_Torres 22 esp  1  9 21 18 30 100 834 629 358   0   0    0   0   0   0   0   0   0   0   0   0   0   0 100
Jack_Wilshere 25 ing  1 10 21  9 30 100 371 624 914   0   0    0   0   0   0   0   0   0   0   0   0   0   0 100
Granit_Xhaka  24 swi  1 20 21 11 30 100 823 592 620   0   0    0   0   0   0   0   0   0   0   0   0   0   0 100
S_Feghouli    27 alg  1  1 21 19 30 100 532 577  99   0   0    0   0   0   0   0   0   0   0   0   0   0   0 100
Erik_Lamela   24 arg  1  1 21 18 30 100 518 569 861   0   0    0   0   0   0   0   0   0   0   0   0   0   0 100
Nainggolan    28 blg  1 13 21 12 30 100 561 563 760   0   0    0   0   0   0   0   0   0   0   0   0   0   0 100
G_Deulofeu    22 esp  1  1 21 19 30 100 504 561 780   0   0    0   0   0   0   0   0   0   0   0   0   0   0 100
Sven_Bender   27 ale  1 19 21  1 30 100 941 556 536   0   0    0   0   0   0   0   0   0   0   0   0   0   0 100
Max_Meyer     21 ale  1  9 21 19 30 100 926 549 296   0   0    0   0   0   0   0   0   0   0   0   0   0   0 100
J_Hendrix     21 hol  1 18 21  1 30 100 303 539 455   0   0    0   0   0   0   0   0   0   0   0   0   0   0 100
Adem_Ljajic   25 srb  1  1 21 18 30 100 462 527 248   0   0    0   0   0   0   0   0   0   0   0   0   0   0 100
S_El_Shaarawy 24 ita  1  1 21 19 30 100 592 515 592   0   0    0   0   0   0   0   0   0   0   0   0   0   0 100
Ale_Florenzi  25 ita  1  9 21 19 30 100 671 498 199   0   0    0   0   0   0   0   0   0   0   0   0   0   0 100
Theo_Walcott  27 ing  1  1 21 19 30 100 530 492 248   0   0    0   0   0   0   0   0   0   0   0   0   0   0 100
K_Strootman   26 hol  1 12 21 11 30 100 477 488 682   0   0    0   0   0   0   0   0   0   0   0   0   0   0 100
Vitolo        27 esp  1  1 21 18 30 100 565 484 678   0   0    0   0   0   0   0   0   0   0   0   0   0   0 100
Yann_Carrasco 23 blg  1  1 21 19 30 100 475 478 787   0   0    0   0   0   0   0   0   0   0   0   0   0   0 100
B_Stambouli   26 fra  1 19 21  9 30 100 712 478 715   0   0    0   0   0   0   0   0   0   0   0   0   0   0 100
Konoplyanka   27 ucr  1  1 21 19 30 100 475 478 473   0   0    0   0   0   0   0   0   0   0   0   0   0   0 100
Rodrigo       25 esp  1  1 21 19 30 100 666 470 713   0   0    0   0   0   0   0   0   0   0   0   0   0   0 100
Adrien_Rabiot 21 fra  1 12 21 11 30 100 405 464 649   0   0    0   0   0   0   0   0   0   0   0   0   0   0 100
Tiago         35 por  1 20 21  8 30 100   2 464 751   0   0    0   0   0   0   0   0   0   0   0   0   0   0 100
R_Firmino     25 bra  1  1 21 19 30 100 588 456 307   0   0    0   0   0   0   0   0   0   0   0   0   0   0 100
Casemiro      24 bra  1 18 21  1 30 100 551 448 624   0   0    0   0   0   0   0   0   0   0   0   0   0   0 100
G_Kondogbia   23 fra  1 18 21 10 30 100 381 443 728   0   0    0   0   0   0   0   0   0   0   0   0   0   0 100
Johannes_Geis 23 ale  1 18 21  9 30 100 548 392 685   0   0    0   0   0   0   0   0   0   0   0   0   0   0 100
Mohamed_Salah 24 egy  1  1 21 19 30 100 495 384 768   0   0    0   0   0   0   0   0   0   0   0   0   0   0 100
Danilo        20 bra  1 19 21  9 30 100 685 362 628   0   0    0   0   0   0   0   0   0   0   0   0   0   0 100
Ander_Herrera 27 esp  1 12 21 11 30 100 366 360 739   0   0    0   0   0   0   0   0   0   0   0   0   0   0 100
Samir_Nasri   29 fra  1  1 21 20 30 100 578 356 593   0   0    0   0   0   0   0   0   0   0   0   0   0   0 100
Thor_Hazard   23 blg  1  1 21 19 30 100 460 354 455   0   0    0   0   0   0   0   0   0   0   0   0   0   0 100
J_Henderson   26 ing  1 12 21 11 30 100 229 325 712   0   0    0   0   0   0   0   0   0   0   0   0   0   0 100
Calhanoglu    22 tur  1  9 21 18 30 100 608 314 522   0   0    0   0   0   0   0   0   0   0   0   0   0   0 100
Pablo_Piatti  27 arg  1  1 21 19 30 100 551 296 385   0   0    0   0   0   0   0   0   0   0   0   0   0   0 100
R_Pereyra     26 arg  1 10 21 19 30 100 870 279  41   0   0    0   0   0   0   0   0   0   0   0   0   0   0 100
Angel_Correa  21 arg  1  1 21 18 30 100 475 272 420   0   0    0   0   0   0   0   0   0   0   0   0   0   0 100
Marek_Hamsik  29 esq  1  1 21 20 30 100 553 269 213   0   0    0   0   0   0   0   0   0   0   0   0   0   0 100
Leon_Goretzka 21 ale  1 10 21 12 30 100 810 185 166   0   0    0   0   0   0   0   0   0   0   0   0   0   0 100
A_Schurrle    26 ale  1  1 21 19 30 100 443 183 250   0   0    0   0   0   0   0   0   0   0   0   0   0   0 100
J_Guilavogui  26 fra  1 19 21  9 30 100 364 174 719   0   0    0   0   0   0   0   0   0   0   0   0   0   0 100
Emre_Can      23 ale  1 17 21 11 30 100 439 158 758   0   0    0   0   0   0   0   0   0   0   0   0   0   0 100
N_Bentaleb    22 alg  1 18 21  8 30 100 858 151 733   0   0    0   0   0   0   0   0   0   0   0   0   0   0 100
Kaka          34 bra  1  1 21 19 30 100 480 148 585   0   0    0   0   0   0   0   0   0   0   0   0   0   0 100
G_Castro      29 ale  1 10 21  9 30 100 305 147 615   0   0    0   0   0   0   0   0   0   0   0   0   0   0 100
L_Insigne     25 ita  1  1 21 18 30 100 453 138 843   0   0    0   0   0   0   0   0   0   0   0   0   0   0 100
Bonaventura   27 ita  1  9 21 19 30 100 847 128 319   0   0    0   0   0   0   0   0   0   0   0   0   0   0 100
Juan_Cuadrado 28 col  1  1 21 18 30 100 588 123 286   0   0    0   0   0   0   0   0   0   0   0   0   0   0 100
A_Guardado    30 mex  1 20 21 11 30 100 104 106 606   0   0    0   0   0   0   0   0   0   0   0   0   0   0 100
Lucas_Leiva   30 bra  1 18 21  7 30 100 377 104 580   0   0    0   0   0   0   0   0   0   0   0   0   0   0 100
Jose_Callejon 29 esp  1  1 21 19 30 100 535  94 232   0   0    0   0   0   0   0   0   0   0   0   0   0   0 100
Heung-Min_Son 24 csu  1  1 21 19 30 100 558  93 178   0   0    0   0   0   0   0   0   0   0   0   0   0   0 100
Max_Kruse     28 ale  1  1 21 19 30 100 474  78 313   0   0    0   0   0   0   0   0   0   0   0   0   0   0 100
Ross_Barkley  23 ing  1  1 21 18 30 100 530  65 221   0   0    0   0   0   0   0   0   0   0   0   0   0   0 100
O_Alonso      30 cba  1 20 21  9 30 100  20  60 747   0   0    0   0   0   0   0   0   0   0   0   0   0   0 100
A_Bertolacci  26 ita  1 18 21  9 30 100 522  48 723   0   0    0   0   0   0   0   0   0   0   0   0   0   0 100
Sami_Khedira  29 ale  1 19 21  9 30 100 685  39 712   0   0    0   0   0   0   0   0   0   0   0   0   0   0 100
Adam_Lallana  28 ing  1  1 21 19 30 100 588  30  75   0   0    0   0   0   0   0   0   0   0   0   0   0   0 100
Y_Belhanda    26 mar  1  7 21 18 30 100 667  22 325   0   0    0   0   0   0   0   0   0   0   0   0   0   0 100
Max_Arnold    22 ale  1  9 21 12 30 100 857  21  57   0   0    0   0   0   0   0   0   0   0   0   0   0   0 100
Gary_Medel    29 chi  1 19 21  1 30 100 895  11 537   0   0    0   0   0   0   0   0   0   0   0   0   0   0 100
V_Iborra      29 esp  1 18 21 12 30 100 478  11 228   0   0    0   0   0   0   0   0   0   0   0   0   0   0 100
Pedro         29 esp  1  1 21 20 30 100 485   4 645   0   0    0   0   0   0   0   0   0   0   0   0   0   0 100
Nuri_Sahin    28 tur  1 18 21  9 30 100 512   1 677   0   0    0   0   0   0   0   0   0   0   0   0   0   0 100
S_Nzonzi      28 fra  1 18 20  9 30 100 364 996 785   0   0    0   0   0   0   0   0   0   0   0   0   0   0 100
A_Fernandez   30 arg  1 18 20  9 30 100 503 989 631   0   0    0   0   0   0   0   0   0   0   0   0   0   0 100
Julian_Brandt 20 ale  1  1 20 17 30 100 470 985 733   0   0    0   0   0   0   0   0   0   0   0   0   0   0 100
Sergi_Roberto 24 esp  1 18 20 10 30 100 248 981 605   0   0    0   0   0   0   0   0   0   0   0   0   0   0 100
Z_Bakkali     21 blg  1  1 20 17 30 100 490 964 411   0   0    0   0   0   0   0   0   0   0   0   0   0   0 100
Leroy_Sane    21 ale  1  1 20 18 30 100 586 946 471   0   0    0   0   0   0   0   0   0   0   0   0   0   0 100
Seba_Rode     26 ale  1 19 20 11 30 100 380 918 583   0   0    0   0   0   0   0   0   0   0   0   0   0   0 100
Nolito        30 esp  1  1 20 20 30 100 495 917 713   0   0    0   0   0   0   0   0   0   0   0   0   0   0 100
Axel_Witsel   28 blg  1 18 20 10 30 100 154 882 523   0   0    0   0   0   0   0   0   0   0   0   0   0   0 100
Santi_Mina    21 esp  1  1 20 18 30 100 480 851 619   0   0    0   0   0   0   0   0   0   0   0   0   0   0 100
Joe_Allen     26 gal  1 17 20  9 30 100 366 849 517   0   0    0   0   0   0   0   0   0   0   0   0   0   0 100
Fernandinho   31 bra  1 12 20  9 30 100 265 847 600   0   0    0   0   0   0   0   0   0   0   0   0   0   0 100
Dele_Alli     20 ing  1  9 20 10 30 100 777 816 918   0   0    0   0   0   0   0   0   0   0   0   0   0   0 100
M_Brozovic    24 cro  1  9 20 11 30 100 675 810 955   0   0    0   0   0   0   0   0   0   0   0   0   0   0 100
Javi_Fuego    33 esp  1 19 20  9 30 100 608 810 528   0   0    0   0   0   0   0   0   0   0   0   0   0   0 100
Rafinha       23 bra  1  9 20 18 30 100 748 809  76   0   0    0   0   0   0   0   0   0   0   0   0   0   0 100
Fernando      29 bra  1 19 20  9 30 100 607 807 593   0   0    0   0   0   0   0   0   0   0   0   0   0   0 100
Eric_Dier     23 ing  1 18 20  1 30 100 736 786 494   0   0    0   0   0   0   0   0   0   0   0   0   0   0 100
Davy_Propper  25 hol  1 11 20  9 30 100 235 747 586   0   0    0   0   0   0   0   0   0   0   0   0   0   0 100
Marco_Hoger   27 ale  1 19 20 11 30 100 897 741 872   0   0    0   0   0   0   0   0   0   0   0   0   0   0 100
Adam_Maher    23 hol  1  8 20 17 30 100 531 704 146   0   0    0   0   0   0   0   0   0   0   0   0   0   0 100
M_Lestienne   24 blg  1  1 20 19 30 100 593 683 240   0   0    0   0   0   0   0   0   0   0   0   0   0   0 100
Vieirinha     31 por  1  9 20 19 30 100 700 675 258   0   0    0   0   0   0   0   0   0   0   0   0   0   0 100
D_Cheryshev   26 rus  1  1 20 18 30 100 435 670 786   0   0    0   0   0   0   0   0   0   0   0   0   0   0 100
Gabi          33 esp  1 19 20  9 30 100 830 656 605   0   0    0   0   0   0   0   0   0   0   0   0   0   0 100
K_Asamoah     28 gha  1 11 20 17 30 100 600 655 967   0   0    0   0   0   0   0   0   0   0   0   0   0   0 100
Kevin_Kampl   25 esl  1 11 20 19 30 100 805 649 625   0   0    0   0   0   0   0   0   0   0   0   0   0   0 100
Diego_Perotti 27 arg  1  1 20 18 30 100 544 615 317   0   0    0   0   0   0   0   0   0   0   0   0   0   0 100
R_Montolivo   32 ita  1 18 20  9 30 100 456 602 431   0   0    0   0   0   0   0   0   0   0   0   0   0   0 100
Iago_Falque   27 esp  1  1 20 18 30 100 500 601 212   0   0    0   0   0   0   0   0   0   0   0   0   0   0 100
M_Carrick     35 ing  1 18 20  7 30 100 322 585 740   0   0    0   0   0   0   0   0   0   0   0   0   0   0 100
James_Milner  31 ing  1 12 20 11 30 100 340 565 555   0   0    0   0   0   0   0   0   0   0   0   0   0   0 100
Jorginho      25 ita  1 18 20  9 30 100 525 552 443   0   0    0   0   0   0   0   0   0   0   0   0   0   0 100
T_Serero      26 sud  1 18 20  9 30 100 968 550 689   0   0    0   0   0   0   0   0   0   0   0   0   0   0 100
M_Fellaini    29 blg  1 18 20  9 30 100 830 550 646   0   0    0   0   0   0   0   0   0   0   0   0   0   0 100
F_Coquelin    25 fra  1 19 20  9 30 100  24 527 565   0   0    0   0   0   0   0   0   0   0   0   0   0   0 100
Nacer_Chadli  27 blg  1  1 20 18 30 100 475 527 383   0   0    0   0   0   0   0   0   0   0   0   0   0   0 100
P-E_Hojbjerg  21 din  1  9 20 17 30 100 680 523  49   0   0    0   0   0   0   0   0   0   0   0   0   0   0 100
C_Aranguiz    27 chi  1  9 20  9 30 100 948 514 686   0   0    0   0   0   0   0   0   0   0   0   0   0   0 100
K-P_Boateng   29 gha  1  9 20 12 30 100 792 507  91   0   0    0   0   0   0   0   0   0   0   0   0   0   0 100
Felipe_Melo   33 bra  1 18 20  9 30 100 507 490 634   0   0    0   0   0   0   0   0   0   0   0   0   0   0 100
S_Cristoforo  23 uru  1 17 20  1 30 100  95 474 564   0   0    0   0   0   0   0   0   0   0   0   0   0   0 100
Choupo-Moting 27 cam  1  1 20 19 30 100 430 462 967   0   0    0   0   0   0   0   0   0   0   0   0   0   0 100
A_El_Ghazi    21 hol  1  1 20 16 30 100 548 459 941   0   0    0   0   0   0   0   0   0   0   0   0   0   0 100
M_Kranevitter 23 arg  1 17 20  1 30 100 444 458 500   0   0    0   0   0   0   0   0   0   0   0   0   0   0 100
G_Pereiro     21 uru  1  1 20 18 30 100 480 454  87   0   0    0   0   0   0   0   0   0   0   0   0   0   0 100
D_Caligiuri   29 ita  1  1 20 17 30 100 544 444 965   0   0    0   0   0   0   0   0   0   0   0   0   0   0 100
K_Coman       20 fra  1  1 20 17 30 100 495 434 970   0   0    0   0   0   0   0   0   0   0   0   0   0   0 100
M_van_Ginkel  24 hol  1  9 20 11 30 100 807 403 165   0   0    0   0   0   0   0   0   0   0   0   0   0   0 100
J_Obi_Mikel   29 nig  1 19 20  1 30 100 648 387 427   0   0    0   0   0   0   0   0   0   0   0   0   0   0 100
Hernanes      31 bra  1 10 20 17 30 100 680 384 100   0   0    0   0   0   0   0   0   0   0   0   0   0   0 100
N_Gudelj      25 srb  1 18 20  9 30 100 140 311 433   0   0    0   0   0   0   0   0   0   0   0   0   0   0 100
J_Biabiany    28 fra  1  1 20 19 30 100 485 203 198   0   0    0   0   0   0   0   0   0   0   0   0   0   0 100
Andrea_Pirlo  37 ita  1  9 20  8 30 100 273 201 543   0   0    0   0   0   0   0   0   0   0   0   0   0   0 100
Sidney_Sam    29 ale  1  1 20 18 30 100 485 174 172   0   0    0   0   0   0   0   0   0   0   0   0   0   0 100
A_Valencia    31 ecu  1 11 20 18 30 100 824 171 243   0   0    0   0   0   0   0   0   0   0   0   0   0   0 100
Jesus_Navas   31 esp  1  1 20 18 30 100 495 164  13   0   0    0   0   0   0   0   0   0   0   0   0   0   0 100
S_Sturaro     23 ita  1 13 20 10 30 100  78 159 436   0   0    0   0   0   0   0   0   0   0   0   0   0   0 100
Ryan_Mason    25 ing  1  9 20 11 30 100 836 150  83   0   0    0   0   0   0   0   0   0   0   0   0   0   0 100
Krohn-Dehli   33 din  1 10 20  9 30 100  65 140 578   0   0    0   0   0   0   0   0   0   0   0   0   0   0 100
Fabian_Delph  27 ing  1 12 20 11 30 100 152 127 519   0   0    0   0   0   0   0   0   0   0   0   0   0   0 100
Jose_Reyes    33 esp  1  1 20 18 30 100 485 119  52   0   0    0   0   0   0   0   0   0   0   0   0   0   0 100
Ashley_Young  31 ing  1  1 20 18 30 100 500 102  83   0   0    0   0   0   0   0   0   0   0   0   0   0   0 100
Lucas_Vazquez 25 esp  1 11 20 17 30 100 563  66 985   0   0    0   0   0   0   0   0   0   0   0   0   0   0 100
Juraj_Kucka   29 esq  1 11 20  9 30 100  51  23 529   0   0    0   0   0   0   0   0   0   0   0   0   0   0 100
Enzo_Perez    30 arg  1 12 19 10 30 100   6 889 541   0   0    0   0   0   0   0   0   0   0   0   0   0   0 100
M_Valdifiori  30 ita  1 17 19  9 30 100 171 885 509   0   0    0   0   0   0   0   0   0   0   0   0   0   0 100
A_Ramalho     24 bra  1 16 19  8 30 100 614 877 654   0   0    0   0   0   0   0   0   0   0   0   0   0   0 100
Saul_Ñiguez   22 esp  1 17 19 10 30 100 124 867 560   0   0    0   0   0   0   0   0   0   0   0   0   0   0 100
Frank_Lampard 38 ing  1 10 19  9 30 100 167 845 590   0   0    0   0   0   0   0   0   0   0   0   0   0   0 100
Eze_Lavezzi   31 arg  1  1 19 19 30 100 490 843 582   0   0    0   0   0   0   0   0   0   0   0   0   0   0 100
M_Leitner     24 ale  1  8 19 17 30 100 794 841  48   0   0    0   0   0   0   0   0   0   0   0   0   0   0 100
L_Narsingh    26 hol  1  1 19 16 30 100 495 809 967   0   0    0   0   0   0   0   0   0   0   0   0   0   0 100
David_Lopez   27 esp  1 17 19 11 30 100 110 788 604   0   0    0   0   0   0   0   0   0   0   0   0   0   0 100
Adnan_Januzaj 21 blg  1  1 19 16 30 100 500 749 927   0   0    0   0   0   0   0   0   0   0   0   0   0   0 100
Thomas        23 gha  1 17 19  1 30 100 303 740 495   0   0    0   0   0   0   0   0   0   0   0   0   0   0 100
Julian_Weigl  21 ale  1 17 19  9 30 100 241 723 545   0   0    0   0   0   0   0   0   0   0   0   0   0   0 100
Mario_Lemina  23 gab  1 17 19 10 30 100 867 552 582   0   0    0   0   0   0   0   0   0   0   0   0   0   0 100
M_Gabbiadini  25 ita  1  1 19 18 30 100 470 549  30   0   0    0   0   0   0   0   0   0   0   0   0   0   0 100
Stijn_Schaars 33 hol  1 17 19  1 30 100 800 547 500   0   0    0   0   0   0   0   0   0   0   0   0   0   0 100
A_Nocerino    31 ita  1 18 19 10 30 100 189 543 569   0   0    0   0   0   0   0   0   0   0   0   0   0   0 100
Amin_Younes   23 ale  1  1 19 18 30 100 544 494 284   0   0    0   0   0   0   0   0   0   0   0   0   0   0 100
Andrea_Poli   27 ita  1  9 19  9 30 100 926 474 492   0   0    0   0   0   0   0   0   0   0   0   0   0   0 100
Mikel_Arteta  34 esp  1 18 19 10 30 100 735 346 471   0   0    0   0   0   0   0   0   0   0   0   0   0   0 100
Allan         26 bra  1 17 19  9 30 100 872 309 452   0   0    0   0   0   0   0   0   0   0   0   0   0   0 100
Gael_Kakuta   25 fra  1  1 19 16 30 100 500 259 947   0   0    0   0   0   0   0   0   0   0   0   0   0   0 100
Jose_Mauri    20 arg  1 10 19  9 30 100 980 241 521   0   0    0   0   0   0   0   0   0   0   0   0   0   0 100
Moha_Elneny   24 egy  1 17 19  9 30 100 900 232 500   0   0    0   0   0   0   0   0   0   0   0   0   0   0 100
Joel_Campbell 24 crc  1  1 19 18 30 100 495 162  12   0   0    0   0   0   0   0   0   0   0   0   0   0   0 100
H_Herrera     26 mex  1 11 19 11 30 100 857  15 505   0   0    0   0   0   0   0   0   0   0   0   0   0   0 100
O_El_Kaddouri 26 mar  1  9 19 16 30 100 497   6 790   0   0    0   0   0   0   0   0   0   0   0   0   0   0 100
J_Onomah      19 ing  1  1 19 15 30 100 500   2 900   0   0    0   0   0   0   0   0   0   0   0   0   0   0 100
D_Sinkgraven  21 hol  1  1 18 16 30 100 500 989 902   0   0    0   0   0   0   0   0   0   0   0   0   0   0 100
Munir         21 esp  1  1 18 18 30 100 500 911 158   0   0    0   0   0   0   0   0   0   0   0   0   0   0 100
M_Flamini     32 fra  1 18 18  9 30 100 484 744 297   0   0    0   0   0   0   0   0   0   0   0   0   0   0 100
S_Padoin      32 ita  1  9 18  9 30 100 776 736 420   0   0    0   0   0   0   0   0   0   0   0   0   0   0 100
Paul_Seguin   21 ale  1 17 18  1 30 100 190 623 487   0   0    0   0   0   0   0   0   0   0   0   0   0   0 100
Salih_Ucan    23 tur  1  9 18  9 30 100 662 571 394   0   0    0   0   0   0   0   0   0   0   0   0   0   0 100
F_Jozefzoon   25 hol  1  1 18 16 30 100 500 521   9   0   0    0   0   0   0   0   0   0   0   0   0   0   0 100
Tomas_Rosicky 36 rch  1  1 18 18 30 100 100 500 100   0   0    0   0   0   0   0   0   0   0   0   0   0   0 100
W_Vainqueur   28 fra  1 16 18  8 30 100 580 481 340   0   0    0   0   0   0   0   0   0   0   0   0   0   0 100
A_Schopf      22 aut  1  8 18 16 30 100 626 450 927   0   0    0   0   0   0   0   0   0   0   0   0   0   0 100
Marlon_Frey   20 ale  1 15 18  7 30 100 147 435 556   0   0    0   0   0   0   0   0   0   0   0   0   0   0 100
Carlos_Ascues 24 per  1 15 18 10 30 100 900 406 503   0   0    0   0   0   0   0   0   0   0   0   0   0   0 100
Seydou_Keita  37 mal  1 17 18  9 30 100 580 251 340   0   0    0   0   0   0   0   0   0   0   0   0   0   0 100
Yuriy_Zhirkov 33 rus  1  1 17 16 30 100 100 900 100   0   0    0   0   0   0   0   0   0   0   0   0   0   0 100
A_Ryazantsev  30 rus  1  1 17 16 30 100 100 700 100   0   0    0   0   0   0   0   0   0   0   0   0   0   0 100
Kenneth_Paal  19 hol  1  1 17 15 30 100 500 601 900   0   0    0   0   0   0   0   0   0   0   0   0   0   0 100
Vaclav_Cerny  19 rch  1  1 17 15 30 100 500 600 907   0   0    0   0   0   0   0   0   0   0   0   0   0   0 100
Kenedy        20 bra  1  1 17 16 30 100 100 230 101   0   0    0   0   0   0   0   0   0   0   0   0   0   0 100
S_Bergwijn    19 hol  1  1 17 15 30 100 500 137 965   0   0    0   0   0   0   0   0   0   0   0   0   0   0 100
Joao_Teixeira 24 por  1  1 16 16 30 100 100 900 100   0   0    0   0   0   0   0   0   0   0   0   0   0   0 100
Jesse_Lingard 24 ing  1  1 16 15 30 100 100 900 100   0   0    0   0   0   0   0   0   0   0   0   0   0   0 100
Tom_Carroll   24 ing  1 15 16  8 30 100 100 900 105   0   0    0   0   0   0   0   0   0   0   0   0   0   0 100
A_Gnoukouri   20 cma  1  8 16  8 30 100 100 840 102   0   0    0   0   0   0   0   0   0   0   0   0   0   0 100
Loftus-Cheek  21 ing  1  8 16  8 30 100 100 700 100   0   0    0   0   0   0   0   0   0   0   0   0   0   0 100
S_Malbranque  37 fra  1  8 16 15 30 100 100 700 100   0   0    0   0   0   0   0   0   0   0   0   0   0   0 100
A_Pereira     21 bra  1  8 16 16 30 100 100 700 100   0   0    0   0   0   0   0   0   0   0   0   0   0   0 100
Jordon_Ibe    21 ing  1  1 16 15 30 100 100 700 100   0   0    0   0   0   0   0   0   0   0   0   0   0   0 100
H_Ongenda     21 rco  1  1 16 15 30 100 100 500 100   0   0    0   0   0   0   0   0   0   0   0   0   0   0 100
JK_Augustin   19 fra  1  1 16 15 30 100 100 500 100   0   0    0   0   0   0   0   0   0   0   0   0   0   0 100
Gerson        19 bra  1  8 16  8 30 100 622 441 392   0   0    0   0   0   0   0   0   0   0   0   0   0   0 100
C_Pulisic     18 usa  1  1 16 13 30 100 340 371 638   0   0    0   0   0   0   0   0   0   0   0   0   0   0 100
V_Yurchenko   22 ucr  1  1 16 15 30 100 100 300 100   0   0    0   0   0   0   0   0   0   0   0   0   0   0 100
N_Chalobah    22 ing  1 11 16  8 30 100 100 248 100   0   0    0   0   0   0   0   0   0   0   0   0   0   0 100
Luke_Brattan  26 aus  1 15 16  8 30 100 100 100 100   0   0    0   0   0   0   0   0   0   0   0   0   0   0 100
Neymar        24 bra  1  1 22 24 30 100 620 401  26   0   0    0   0   0   0   0   0   0   0   0   0   0   0 100
C_Ronaldo     31 por  1  1 23 23 30 100 617 294 588   0   0    0   0   0   0   0   0   0   0   0   0   0   0 100
Luis_Suarez   30 uru  1  1  1 23 30 100 589 980 357   0   0    0   0   0   0   0   0   0   0   0   0   0   0 100
Lewandowski   28 pol  1  1  1 23 30 100 525 935  82   0   0    0   0   0   0   0   0   0   0   0   0   0   0 100
Gareth_Bale   27 gal  1  1 21 22 30 100 598 264 901   0   0    0   0   0   0   0   0   0   0   0   0   0   0 100
Kun_Aguero    28 arg  1  1  1 22 30 100 608 930 761   0   0    0   0   0   0   0   0   0   0   0   0   0   0 100
Z_Ibrahimovic 35 swe  1  1  1 22 30 100 534 895 724   0   0    0   0   0   0   0   0   0   0   0   0   0   0 100
K_Benzema     29 fra  1  1  1 22 30 100 588 910 659   0   0    0   0   0   0   0   0   0   0   0   0   0   0 100
Romelu_Lukaku 23 blg  1  1  1 22 30 100 652 989 595   0   0    0   0   0   0   0   0   0   0   0   0   0   0 100
Thomas_Muller 27 ale  1  1 11 22 30 100 563 905 443   0   0    0   0   0   0   0   0   0   0   0   0   0   0 100
Diego_Costa   28 esp  1  1  1 22 30 100 529 890 305   0   0    0   0   0   0   0   0   0   0   0   0   0   0 100
Edison_Cavani 29 uru  1  1 12 22 30 100 498  19 215   0   0    0   0   0   0   0   0   0   0   0   0   0   0 100
J_Martinez    30 col  1  1  2 22 30 100 669  31 211   0   0    0   0   0   0   0   0   0   0   0   0   0   0 100
Carlos_Tevez  33 arg  1  1  1 22 30 100 608 920 161   0   0    0   0   0   0   0   0   0   0   0   0   0   0 100
Wayne_Rooney  31 ing  1  1 11 22 30 100 534  36 130   0   0    0   0   0   0   0   0   0   0   0   0   0   0 100
P_Aubameyang  27 gab  1  1 11 22 30 100 445 998  45   0   0    0   0   0   0   0   0   0   0   0   0   0   0 100
Lacazette     25 fra  1  1 12 22 30 100 524  99  31   0   0    0   0   0   0   0   0   0   0   0   0   0   0 100
Harry_Kane    23 ing  1  1  1 21 30 100 475 894 948   0   0    0   0   0   0   0   0   0   0   0   0   0   0 100
Edin_Dzeko    30 b&h  1  1  1 21 30 100 524 895 824   0   0    0   0   0   0   0   0   0   0   0   0   0   0 100
S_Jovetic     27 mon  1  1 12 21 30 100 589 129 803   0   0    0   0   0   0   0   0   0   0   0   0   0   0 100
A_Martial     21 fra  1  1 12 21 30 100 573 100 728   0   0    0   0   0   0   0   0   0   0   0   0   0   0 100
Pipa_Higuain  29 arg  1  1  1 21 30 100 555 804 648   0   0    0   0   0   0   0   0   0   0   0   0   0   0 100
Jamie_Vardy   29 ing  1  1  1 21 30 100 524 885 635   0   0    0   0   0   0   0   0   0   0   0   0   0   0 100
K_Bellarabi   26 ale  1  1 20 21 30 100 475 511 629   0   0    0   0   0   0   0   0   0   0   0   0   0   0 100
Paco_Alcacer  23 esp  1  1  1 21 30 100 534 914 619   0   0    0   0   0   0   0   0   0   0   0   0   0   0 100
A_Candreva    29 ita  1  1 20 21 30 100 693 401 611   0   0    0   0   0   0   0   0   0   0   0   0   0   0 100
D_Sturridge   27 ing  1  1 12 21 30 100 637  84 573   0   0    0   0   0   0   0   0   0   0   0   0   0   0 100
R_Mahrez      25 alg  1  1 20 21 30 100 524 881 559   0   0    0   0   0   0   0   0   0   0   0   0   0   0 100
Oliver_Giroud 30 fra  1  1  1 21 30 100 470 900 530   0   0    0   0   0   0   0   0   0   0   0   0   0   0 100
F_Llorente    31 esp  1  1  1 21 30 100 524 895 511   0   0    0   0   0   0   0   0   0   0   0   0   0   0 100
P_Dybala      23 arg  1  1 12 21 30 100 533  20 502   0   0    0   0   0   0   0   0   0   0   0   0   0   0 100
A_Milik       22 pol  1  1  1 21 30 100 593 904 494   0   0    0   0   0   0   0   0   0   0   0   0   0   0 100
Lucho_Vietto  23 arg  1  1  1 21 30 100 480 880 422   0   0    0   0   0   0   0   0   0   0   0   0   0   0 100
Chris_Benteke 26 blg  1  1  1 21 30 100 539 890 412   0   0    0   0   0   0   0   0   0   0   0   0   0   0 100
H_Mkhitaryan  28 arm  1  1 20 21 30 100 569 824 406   0   0    0   0   0   0   0   0   0   0   0   0   0   0 100
Falcao        30 col  1  1  1 21 30 100 380 710 388   0   0    0   0   0   0   0   0   0   0   0   0   0   0 100
A_Morata      24 esp  1  1  1 21 30 100 491 822 355   0   0    0   0   0   0   0   0   0   0   0   0   0   0 100
Nico_Gaitan   28 arg  1  1 21 21 30 100 539 197 354   0   0    0   0   0   0   0   0   0   0   0   0   0   0 100
M_Balotelli   26 ita  1  1  1 21 30 100 485 925 342   0   0    0   0   0   0   0   0   0   0   0   0   0   0 100
Luuk_de_Jong  26 hol  1  1  1 21 30 100 480 880 321   0   0    0   0   0   0   0   0   0   0   0   0   0   0 100
Divock_Origi  21 blg  1  1 12 21 30 100 463  30 308   0   0    0   0   0   0   0   0   0   0   0   0   0   0 100
Mauro_Icardi  23 arg  1  1  1 21 30 100 459 730 258   0   0    0   0   0   0   0   0   0   0   0   0   0   0 100
Carlos_Bacca  30 col  1  1  1 21 30 100 430 849 245   0   0    0   0   0   0   0   0   0   0   0   0   0   0 100
A_Negredo     31 esp  1  1  1 21 30 100 545 955 157   0   0    0   0   0   0   0   0   0   0   0   0   0   0 100
Pato          27 bra  1  1  1 21 30 100 588 890 135   0   0    0   0   0   0   0   0   0   0   0   0   0   0 100
Kevin_Gameiro 29 fra  1  1  1 21 30 100 485 905 126   0   0    0   0   0   0   0   0   0   0   0   0   0   0 100
KJ-Huntelaar  33 hol  1  1  1 21 30 100 584 955 100   0   0    0   0   0   0   0   0   0   0   0   0   0   0 100
M_Mandzukic   30 cro  1  1  1 21 30 100 464 745  75   0   0    0   0   0   0   0   0   0   0   0   0   0   0 100
R_Palacio     34 arg  1  1  1 21 30 100 563 885  36   0   0    0   0   0   0   0   0   0   0   0   0   0   0 100
Chicharito    28 mex  1  1  1 21 30 100 459 750  21   0   0    0   0   0   0   0   0   0   0   0   0   0   0 100
Bas_Dost      27 hol  1  1  1 21 30 100 559 920  16   0   0    0   0   0   0   0   0   0   0   0   0   0   0 100
Jeremy_Menez  29 fra  1  1 12 21 30 100 490  11   9   0   0    0   0   0   0   0   0   0   0   0   0   0   0 100
J_Locadia     23 hol  1  1 11 20 30 100 638  51 896   0   0    0   0   0   0   0   0   0   0   0   0   0   0 100
B_Traore      21 bkn  1  1 10 20 30 100 420 855 872   0   0    0   0   0   0   0   0   0   0   0   0   0   0 100
Dries_Mertens 29 blg  1  1 20 20 30 100 429 511 806   0   0    0   0   0   0   0   0   0   0   0   0   0   0 100
Jese          23 esp  1  1 19 20 30 100 485 870 763   0   0    0   0   0   0   0   0   0   0   0   0   0   0 100
F_Di_Santo    27 arg  1  1  1 20 30 100 574 935 750   0   0    0   0   0   0   0   0   0   0   0   0   0   0 100
Juan_Muñoz    21 esp  1  1  1 20 30 100 485 885 733   0   0    0   0   0   0   0   0   0   0   0   0   0   0 100
Niño_Torres   32 esp  1  1  1 20 30 100 534 895 695   0   0    0   0   0   0   0   0   0   0   0   0   0   0 100
Danny_Welbeck 26 ing  1  1 12 20 30 100 555  70 649   0   0    0   0   0   0   0   0   0   0   0   0   0   0 100
A_Mehmedi     25 swi  1  1 12 20 30 100 591  84 643   0   0    0   0   0   0   0   0   0   0   0   0   0   0 100
Danny_Ings    24 ing  1  1  1 20 30 100 485 905 630   0   0    0   0   0   0   0   0   0   0   0   0   0   0 100
Adrian_Ramos  31 col  1  1  1 20 30 100 495 905 628   0   0    0   0   0   0   0   0   0   0   0   0   0   0 100
A-P_Gignac    30 fra  1  1  1 20 30 100 475 885 488   0   0    0   0   0   0   0   0   0   0   0   0   0   0 100
Éder          30 ita  1  1 11 20 30 100 480 930 415   0   0    0   0   0   0   0   0   0   0   0   0   0   0 100
Loic_Remy     30 fra  1  1  1 20 30 100 495 895 408   0   0    0   0   0   0   0   0   0   0   0   0   0   0 100
W_Bony        28 cma  1  1  1 20 30 100 593 895 377   0   0    0   0   0   0   0   0   0   0   0   0   0   0 100
Totti         40 ita  1  1 12 20 30 100 495  10 324   0   0    0   0   0   0   0   0   0   0   0   0   0   0 100
Luiz_Adriano  29 bra  1  1  1 20 30 100 485 885 309   0   0    0   0   0   0   0   0   0   0   0   0   0   0 100
S_Kiessling   32 ale  1  1  1 20 30 100 637 890 260   0   0    0   0   0   0   0   0   0   0   0   0   0   0 100
B_Henrique    26 bra  1  1 12 20 30 100 485  72 105   0   0    0   0   0   0   0   0   0   0   0   0   0   0 100
N_Bendtner    29 din  1  1  1 20 30 100 539 890  20   0   0    0   0   0   0   0   0   0   0   0   0   0   0 100
Clinton_N´Jie 23 cam  1  1 11 19 30 100 475 935 983   0   0    0   0   0   0   0   0   0   0   0   0   0   0 100
Simone_Zaza   25 ita  1  1  1 19 30 100 415 745 725   0   0    0   0   0   0   0   0   0   0   0   0   0   0 100
Chamberlain   23 ing  1  1 19 19 30 100 500 251 668   0   0    0   0   0   0   0   0   0   0   0   0   0   0 100
V_Fischer     22 din  1  1 19 19 30 100 500 148 520   0   0    0   0   0   0   0   0   0   0   0   0   0   0 100
R_Zivkovic    20 hol  1  1  1 18 30 100 549 900 941   0   0    0   0   0   0   0   0   0   0   0   0   0   0 100
Sandro        21 esp  1  1 18 18 30 100 500 301 921   0   0    0   0   0   0   0   0   0   0   0   0   0   0 100
MBayer_Niang  22 fra  1  1 12 18 30 100 500 910 901   0   0    0   0   0   0   0   0   0   0   0   0   0   0 100
K_Iheanacho   20 nig  1  1  1 18 30 100 549 900 766   0   0    0   0   0   0   0   0   0   0   0   0   0   0 100
D_van_de_Beek 19 hol  1  1 17 17 30 100 500 271 461   0   0    0   0   0   0   0   0   0   0   0   0   0   0 100
Umar_Sadiq    19 nig  1  1  1 16 30 100 340 580 281   0   0    0   0   0   0   0   0   0   0   0   0   0   0 100
Eze_Ponce     19 arg  1  1  1 16 30 100 340 580 165   0   0    0   0   0   0   0   0   0   0   0   0   0   0 100
Alex_Iwobi    20 nig  1  1 11 16 30 100 500 900 100   0   0    0   0   0   0   0   0   0   0   0   0   0   0 100
