Name         Age Nat St Tk Ps Sh Ag KAb TAb PAb SAb Gam Sub  Min Mom Sav Con Ktk Kps Sht Gls Ass  DP Inj Sus Fit
----------------------------------------------------------------------------------------------------------------
Diego_Godin   30 uru  1 23  1  1 30 100 437 895 482  11   2  861   0   0   0  10   0   3   0   0  14   0   0 100
Jose_Gimenez  22 uru  1 22  1  1 30 100 466 875 498  12   1  989   0   0   0  11   0   1   0   0   2   0   0 100
M_Caceres     29 uru  1 21 10  7 30 100 938 329 670  11   0 1059   0   0   0  15   9   3   0   0   2   0   0  93
M_Lemos       21 uru  1 20  1  1 30 100 355  90  90   7   1  620   0   0   0   8   0   0   0   0   4   0   0  96
G_Pereiro     21 uru  1  1 20 18 30 100 475 699 134   7   0  664   0   0   0   0  16   7   1   2   2   0   0 100
S_Cristoforo  23 uru  1 17 20  1 30 100 189 689 564   5   0  479   0   0   0   3  13   1   0   2   2   0   0 100
Luis_Suarez   30 uru  1  1  1 23 30 100 589 980 505  10   1  892   0   0   0   0   0  32   2   0   0   0   0  89
Edison_Cavani 29 uru  1  1 12 22 30 100 493  44 480   9   1  811   1   0   0   0   3  32   5   0   2   0   0 100
