Name         Age Nat St Tk Ps Sh Ag KAb TAb PAb SAb Gam Sub  Min Mom Sav Con Ktk Kps Sht Gls Ass  DP Inj Sus Fit
----------------------------------------------------------------------------------------------------------------
Joe_Hart      29 eng 21  1  1  1 30 352 100 100 100  18   0 1722   0 107  29   0   0   0   0   0   3   0   0 100
S_Ruffier     30 fra 20  1  1  1 30 945 100 100 100   0   0    0   0   0   0   0   0   0   0   0   0   0   0 100
F_Muslera     30 uru 20  1  1  1 30 921 100 100 100  17   0 1608   0  65  25   0   0   0   0   0   2   0   0 100
S_Mandanda    32 fra 20  1  1  1 30 683 100 100 100   2   1  160   0   4   1   0   0   0   0   0   0   0   0 100
Yann_Sommer   28 sui 20  1  1  1 30 466 100 100 100   2   1  168   0   1   2   0   0   0   0   0   0   0   0 100
A_Consigli    30 ita 20  1  1  1 30 260 100 100 100   0   0    0   0   0   0   0   0   0   0   0   0   0   0 100
E_Viviano     31 ita 20  1  1  1 30 260 100 100 100   0   0    0   0   0   0   0   0   0   0   0   0   0   0 100
Benoît_Costil 29 fra 20  1  1  1 30 260 100 100 100   0   0    0   0   0   0   0   0   0   0   0   0   0   0 100
Jack_Butland  24 eng 20  1  1  1 30 260 100 100 100   0   0    0   0   0   0   0   0   0   0   0   0   0   0 100
G_Ochoa       31 mex 20  1  1  1 30 134 100 100 100  16   0 1438   0  49  18   0   0   0   0   0   1   0   0 100
Antonio_Adán  29 esp 20  1  1  1 30  80 100 100 100   0   0    0   0   0   0   0   0   0   0   0   0   0   0 100
L_Fabianski   31 pol 19  1  1  1 30 946 100 100 100   3   0  284   0   9   6   0   0   0   0   0   1   0   0 100
Adrián        30 esp 19  1  1  1 30 900 100 100 100   0   0    0   0   0   0   0   0   0   0   0   0   0   0 100
M_Sportiello  24 ita 19  1  1  1 30 900 100 100 100   0   0    0   0   0   0   0   0   0   0   0   0   0   0 100
S_Sirigu      30 ita 19  1  1  1 30 900 100 100 100   0   0    0   0   0   0   0   0   0   0   0   0   0   0 100
F_Marchetti   34 ita 19  1  1  1 30 900 100 100 100   0   0    0   0   0   0   0   0   0   0   0   0   0   0 100
Marvwin_Hitz  29 sui 19  1  1  1 30 900 100 100 100   0   0    0   0   0   0   0   0   0   0   0   0   0   0 100
Ben_Foster    34 eng 19  1  1  1 30 900 100 100 100   0   0    0   0   0   0   0   0   0   0   0   0   0   0 100
D_Benaglio    33 sui 19  1  1  1 30 700 100 100 100   2   0  188   0   2   0   0   0   0   0   0   0   0   0 100
Arrizabalaga  22 esp 19  1  1  1 30 620 100 100 100   0   0    0   0   0   0   0   0   0   0   0   0   0   0 100
Tom_Heaton    30 eng 19  1  1  1 30 620 100 100 100   0   0    0   0   0   0   0   0   0   0   0   0   0   0 100
K_Vermeer     31 ned 19  1  1  1 30 536 100 100 100   1   0   94   0   8   2   0   0   0   0   0   0   0   0 100
Tim_Krul      29 ned 19  1  1  1 30 470 100 100 100   0   0    0   0   0   0   0   0   0   0   0   0   0   0 100
F_Forster     29 eng 19  1  1  1 30 470 100 100 100   0   0    0   0   0   0   0   0   0   0   0   0   0   0 100
Nahuel_Guzmán 30 arg 19  1  1  1 30 470 100 100 100   0   0    0   0   0   0   0   0   0   0   0   0   0   0 100
Koen_Casteels 24 bel 19  1  1  1 30 470 100 100 100   0   0    0   0   0   0   0   0   0   0   0   0   0   0 100
W_Hennessey   30 wal 19  1  1  1 30 435 100 100 100  13   0 1181   0  56  29   0   0   0   0   0   1   0   0 100
J_Hopf        29 swe 19  1  1  1 30 379 100 100 100  17   0 1607   0  59  33   0   0   0   0   0   0   0   0 100
A_Talavera    34 mex 19  1  1  1 30 333 100 100 100   1   1   80   0   2   1   0   0   0   0   0   0   0   0 100
Rémy_Riou     29 fra 19  1  1  1 30 320 100 100 100   0   0    0   0   0   0   0   0   0   0   0   0   0   0 100
S_Álvarez     30 esp 19  1  1  1 30 320 100 100 100   0   0    0   0   0   0   0   0   0   0   0   0   0   0 100
M_De_Sanctis  40 ita 19  1  1  1 30 320 100 100 100   0   0    0   0   0   0   0   0   0   0   0   0   0   0 100
M_Andújar     32 arg 19  1  1  1 30 320 100 100 100   0   0    0   0   0   0   0   0   0   0   0   0   0   0 100
Silvio_Proto  33 bel 19  1  1  1 30 320 100 100 100   0   0    0   0   0   0   0   0   0   0   0   0   0   0 100
M_Campaña     27 uru 19  1  1  1 30 320 100 100 100   0   0    0   0   0   0   0   0   0   0   0   0   0   0 100
Beto          34 por 19  1  1  1 30 290 100 100 100   0   0    0   0   0   0   0   0   0   0   0   0   0   0 100
Marafona      29 por 19  1  1  1 30 206 100 100 100   1   0   95   0   5   2   0   0   0   0   0   0   0   0 100
J_de_J_Corona 36 mex 19  1  1  1 30 203 100 100 100   1   0   93   0   4   1   0   0   0   0   0   0   0   0 100
F_Monetti     27 arg 19  1  1  1 30 170 100 100 100   0   0    0   0   0   0   0   0   0   0   0   0   0   0 100
J_Pickford    23 eng 19  1  1  1 30 170 100 100 100   0   0    0   0   0   0   0   0   0   0   0   0   0   0 100
Artur_Boruc   37 pol 19  1  1  1 30 170 100 100 100   0   0    0   0   0   0   0   0   0   0   0   0   0   0 100
J_Orozco      30 mex 19  1  1  1 30 170 100 100 100   0   0    0   0   0   0   0   0   0   0   0   0   0   0 100
L_Skorupski   25 pol 19  1  1  1 30 170 100 100 100   0   0    0   0   0   0   0   0   0   0   0   0   0   0 100
P_Tyton       30 pol 19  1  1  1 30 142 100 100 100   4   0  376   0  15   8   0   0   0   0   0   1   0   0 100
Camilo_Vargas 28 col 19  1  1  1 30 103 100 100 100   2   0  187   0   6   1   0   0   0   0   0   0   0   0 100
C_Toselli     28 chi 19  1  1  1 30  88 100 100 100   3   0  285   0   8   6   0   0   0   0   0   0   0   0 100
Lovre_Kalinic 27 cro 19  1  1  1 30  87 100 100 100   2   1  147   0   8   2   0   0   0   0   0   0   0   0 100
Sergio_Padt   26 ned 19  1  1  1 30  20 100 100 100   0   0    0   0   0   0   0   0   0   0   0   0   0   0 100
Matz_Sels     25 bel 19  1  1  1 30  20 100 100 100   0   0    0   0   0   0   0   0   0   0   0   0   0   0 100
Yvon_Mvogo    22 sui 19  1  1  1 30  20 100 100 100   0   0    0   0   0   0   0   0   0   0   0   0   0   0 100
Rubén_Blanco  21 esp 19  1  1  1 30  20 100 100 100   0   0    0   0   0   0   0   0   0   0   0   0   0   0 100
K-J_Johnsson  27 swe 18  1  1  1 30 892 100 100 100   1   0   96   0   5   4   0   0   0   0   0   0   0   0 100
Erwin_Mulder  28 ned 18  1  1  1 30 870 100 100 100   0   0    0   0   0   0   0   0   0   0   0   0   0   0 100
Robbin_Ruiter 30 ned 18  1  1  1 30 870 100 100 100   0   0    0   0   0   0   0   0   0   0   0   0   0   0 100
G_Sara        28 arg 18  1  1  1 30 870 100 100 100   0   0    0   0   0   0   0   0   0   0   0   0   0   0 100
S_Scuffet     20 ita 18  1  1  1 30 870 100 100 100   0   0    0   0   0   0   0   0   0   0   0   0   0   0 100
Pedro_Gallese 27 per 18  1  1  1 30 870 100 100 100   0   0    0   0   0   0   0   0   0   0   0   0   0   0 100
Josip_Posavec 21 cro 18  1  1  1 30 766 100 100 100   4   0  382   0  10   2   0   0   0   0   0   0   0   0 100
John_Ruddy    30 eng 18  1  1  1 30 693 100 100 100   4   0  380   0  15  11   0   0   0   0   0   0   0   0 100
José_Cuadrado 31 col 18  1  1  1 30 673 100 100 100   2   0  193   0   3   1   0   0   0   0   0   0   0   0 100
Boaz_Myhill   34 wal 18  1  1  1 30 656 100 100 100   4   1  338   0  14   6   0   0   0   0   0   1   0   0 100
L_Castellanos 33 col 18  1  1  1 30 631 100 100 100   3   0  288   0   6   7   0   0   0   0   0   0   0   0 100
Bruno_Varela  22 por 18  1  1  1 30 620 100 100 100   0   0    0   0   0   0   0   0   0   0   0   0   0   0 100
Miguel_Silva  21 por 18  1  1  1 30 620 100 100 100   0   0    0   0   0   0   0   0   0   0   0   0   0   0 100
Tom_Starke    36 ger 18  1  1  1 30 620 100 100 100   0   0    0   0   0   0   0   0   0   0   0   0   0   0 100
Robert_Almer  33 aut 18  1  1  1 30 620 100 100 100   0   0    0   0   0   0   0   0   0   0   0   0   0   0 100
K_Nordfeldt   27 swe 18  1  1  1 30 620 100 100 100   0   0    0   0   0   0   0   0   0   0   0   0   0   0 100
Robin_Olsen   27 swe 18  1  1  1 30 490 100 100 100   0   0    0   0   0   0   0   0   0   0   0   0   0   0 100
G_Hubert      23 bel 18  1  1  1 30 490 100 100 100   0   0    0   0   0   0   0   0   0   0   0   0   0   0 100
Rodolfo_Cota  29 mex 18  1  1  1 30 490 100 100 100   0   0    0   0   0   0   0   0   0   0   0   0   0   0 100
C_Rodríguez   28 mex 18  1  1  1 30 490 100 100 100   0   0    0   0   0   0   0   0   0   0   0   0   0   0 100
D_González    34 col 18  1  1  1 30 490 100 100 100   0   0    0   0   0   0   0   0   0   0   0   0   0   0 100
Mika          26 por 18  1  1  1 30 420 100 100 100   3   0  284   0  13  10   0   0   0   0   0   0   0   0 100
Paulo_Garcés  32 chi 18  1  1  1 30 416 100 100 100   2   0  189   0   7   2   0   0   0   0   0   0   0   0 100
Sergio_Rochet 24 uru 18  1  1  1 30 367 100 100 100   1   0   94   0   2   2   0   0   0   0   0   0   0   0 100
Nicola_Leali  24 ita 18  1  1  1 30 361 100 100 100   0   0    0   0   0   0   0   0   0   0   0   0   0   0 100
Heinz_Lindner 26 aut 18  1  1  1 30 361 100 100 100   0   0    0   0   0   0   0   0   0   0   0   0   0   0 100
B_Dragowski   19 pol 18  1  1  1 30 361 100 100 100   0   0    0   0   0   0   0   0   0   0   0   0   0   0 100
Pawel_Kieszek 32 pol 18  1  1  1 30 361 100 100 100   0   0    0   0   0   0   0   0   0   0   0   0   0   0 100
Sebas_Sosa    30 uru 18  1  1  1 30 361 100 100 100   0   0    0   0   0   0   0   0   0   0   0   0   0   0 100
Diederik_Boer 36 ned 18  1  1  1 30 230 100 100 100   0   0    0   0   0   0   0   0   0   0   0   0   0   0 100
P_Gollini     22 ita 18  1  1  1 30 230 100 100 100   0   0    0   0   0   0   0   0   0   0   0   0   0   0 100
Par_Hansson   30 swe 18  1  1  1 30 230 100 100 100   0   0    0   0   0   0   0   0   0   0   0   0   0   0 100
C_Coosemans   24 bel 18  1  1  1 30 230 100 100 100   0   0    0   0   0   0   0   0   0   0   0   0   0   0 100
M_Langer      32 aut 18  1  1  1 30 230 100 100 100   0   0    0   0   0   0   0   0   0   0   0   0   0   0 100
Marco_Knaller 30 aut 18  1  1  1 30 230 100 100 100   0   0    0   0   0   0   0   0   0   0   0   0   0   0 100
E_Unsain      21 arg 18  1  1  1 30 230 100 100 100   0   0    0   0   0   0   0   0   0   0   0   0   0   0 100
E_Jakupovic   32 sui 18  1  1  1 30 230 100 100 100   0   0    0   0   0   0   0   0   0   0   0   0   0   0 100
Alex_Meret    20 ita 18  1  1  1 30 230 100 100 100   0   0    0   0   0   0   0   0   0   0   0   0   0   0 100
Gibrán_Lajud  23 mex 18  1  1  1 30 230 100 100 100   3   0  284   0   4   0   0   0   0   0   0   0   0   0 100
Goicoechea    29 uru 18  1  1  1 30 230 100 100 100   0   0    0   0   0   0   0   0   0   0   0   0   0   0 100
C_Bonilla     23 col 18  1  1  1 30 186 100 100 100   1   0   93   0  10   2   0   0   0   0   0   0   0   0 100
Miguel_Pinto  33 chi 18  1  1  1 30 100 100 100 100   0   0    0   0   0   0   0   0   0   0   0   0   0   0 100
Ivan_Vargic   30 cro 18  1  1  1 30 100 100 100 100   0   0    0   0   0   0   0   0   0   0   0   0   0   0 100
Matej_Delac   24 cro 18  1  1  1 30 100 100 100 100   0   0    0   0   0   0   0   0   0   0   0   0   0   0 100
Adrian_Semper 19 cro 18  1  1  1 30 100 100 100 100   0   0    0   0   0   0   0   0   0   0   0   0   0   0 100
Danny_Ward    23 wal 18  1  1  1 30 100 100 100 100   0   0    0   0   0   0   0   0   0   0   0   0   0   0 100
Andreas_Lukse 29 aut 18  1  1  1 30  50 100 100 100   2   0  185   0   2   0   0   0   0   0   0   0   0   0 100
Chris_Maxwell 26 wal 18  1  1  1 30  40 100 100 100   0   0    0   0   0   0   0   0   0   0   0   0   0   0 100
E_Martínez    24 arg 18  1  1  1 30  29 100 100 100   1   0   93   0   1   3   0   0   0   0   0   0   0   0 100
Simon_Pouplin 31 fra 17  1  1  1 30 970 100 100 100   0   0    0   0   0   0   0   0   0   0   0   0   0   0 100
M_Gspurning   35 aut 17  1  1  1 30 970 100 100 100   0   0    0   0   0   0   0   0   0   0   0   0   0   0 100
R_Strebinger  24 aut 17  1  1  1 30 970 100 100 100   0   0    0   0   0   0   0   0   0   0   0   0   0   0 100
Diego_Sánchez 29 chi 17  1  1  1 30 970 100 100 100   0   0    0   0   0   0   0   0   0   0   0   0   0   0 100
Ruben_Yañez   23 esp 17  1  1  1 30 840 100 100 100   0   0    0   0   0   0   0   0   0   0   0   0   0   0 100
J_Siebenhandl 27 aut 17  1  1  1 30 840 100 100 100   0   0    0   0   0   0   0   0   0   0   0   0   0   0 100
Mike_Maignan  21 fra 17  1  1  1 30 840 100 100 100   0   0    0   0   0   0   0   0   0   0   0   0   0   0 100
Raúl_Gudiño   21 mex 17  1  1  1 30 840 100 100 100   0   0    0   0   0   0   0   0   0   0   0   0   0   0 100
Ko_Shimura    20 jpn 17  1  1  1 30 181 100 100 100   0   0    0   0   0   0   0   0   0   0   0   0   0   0 100
V_Corluka     31 cro  1 20  1  1 30 100 414 812 817  10   0  952   0   0   0  11   0   1   0   0   4   0   0 100
Gonzalo_Rguez 32 arg  1 20  1  1 30 100 380 820 827   8   0  765   0   0   0  10   0   3   0   0   0   0   0 100
José_Fonte    34 por  1 20  1  1 30 100 379 645 643   9   0  854   0   0   0  10   1   1   0   0   1   0   0 100
R_Shawcross   29 eng  1 20  1  1 30 100 336 813 807  10   1  887   0   0   0  20   1   1   0   0   2   0   0 100
F_Acerbi      29 ita  1 20  1  1 30 100 260 820 820   0   0    0   0   0   0   0   0   0   0   0   0   0   0 100
Darijo_Srna   34 cro  1 20 11  7 30 100 248 971 854  12   0 1140   2   0   0  14  13  10   0   3   0   0   0 100
M_Caceres     29 uru  1 20  1  1 30 100 221 805 815  15   1 1290   0   0   0  13   0   1   0   0   5   0   0 100
Mamadou_Sakho 27 fra  1 20  1  1 30 100 106 810 810   2   0  138   0   0   0   3   0   0   0   0   5   0   0 100
Jonas_Hector  26 ger  1 20 10  5 30 100 104 827 821   2   0  193   0   0   0   2   1   1   0   0   0   0   0 100
Davide_Astori 30 ita  1 20  1  1 30 100  80 820 820   0   0    0   0   0   0   0   0   0   0   0   0   0   0 100
A_Granqvist   31 swe  1 20  1  1 30 100   9 803 808  13   0  727   0   0   0   8   0   0   0   0   6   0   0 100
A_Ogbonna     28 ita  1 19  1  1 30 100 900 820 820   0   0    0   0   0   0   0   0   0   0   0   0   0   0 100
Ryan_Bertrand 27 eng  1 19 11  6 30 100 900 820 820   0   0    0   0   0   0   0   0   0   0   0   0   0   0 100
Kolodziejczak 25 fra  1 19  1  1 30 100 900 820 820   1   0   93   0   0   0   0   0   0   0   0   0   0   0 100
Jeffrey_Bruma 25 ned  1 19  1  1 30 100 788 829 810  11   0 1001   0   0   0  15   3   2   0   0   1   0   0 100
Oscar_Wendt   31 swe  1 19  9  5 30 100 733 851 818  14   0 1319   0   0   0  19   8   6   0   0   0   0   0 100
Bruno_M_Indi  25 ned  1 19  1  1 30 100 694 817 820  15   3  946   0   0   0  17   1   2   0   0   0   0   0 100
N_Lombaerts   32 bel  1 19  1  1 30 100 680 790 792  11   5  759   0   0   0   5   0   2   0   0   0   0   0 100
Michael_Keane 24 eng  1 19  1  1 30 100 656 820 825   1   0   94   0   0   0   3   0   1   0   0   0   0   0 100
M_Balenziaga  29 esp  1 19 11  5 30 100 620 820 820   0   0    0   0   0   0   0   0   0   0   0   0   0   0 100
Rúben_Semedo  23 por  1 19  1  1 30 100 620 820 820   0   0    0   0   0   0   0   0   0   0   0   0   0   0 100
Bruno_Alves   35 por  1 19  1  1 30 100 620 820 820   0   0    0   0   0   0   0   0   0   0   0   0   0   0 100
E_Botteghin   29 bra  1 19  1  1 30 100 620 820 820   0   0    0   0   0   0   0   0   0   0   0   0   0   0 100
Luisão        36 bra  1 19  1  1 30 100 620 820 820   0   0    0   0   0   0   0   0   0   0   0   0   0   0 100
Scott_Dann    30 eng  1 19  1  1 30 100 620 820 820   0   0    0   0   0   0   0   0   0   0   0   0   0   0 100
L_Castán      30 bra  1 19  1  1 30 100 620 820 820   1   0   61   0   0   0   0   0   0   0   0   0   0   0 100
Gil           29 bra  1 19  1  1 30 100 620 820 820   0   0    0   0   0   0   0   0   0   0   0   0   0   0 100
S_Widmwer     24 sui  1 19 11  6 30 100 579 905 818  15   0 1376   0   0   0  20  11   2   0   1   1   0   0 100
B_Espinosa    27 col  1 19  1  1 30 100 566 820 826   6   1  484   0   0   0   8   0   2   0   0   0   0   0 100
Diego_Reyes   24 mex  1 19  1  1 30 100 486 812 824  12   0 1146   1   0   0  12   0   4   0   0   4   0   0 100
Mauricio_Isla 28 chi  1 19  9  5 30 100 485 886 822  13   0  967   0   0   0  12   8   4   0   1   5   0   0 100
C_Zambrano    27 per  1 19  1  1 30 100 470 820 820   0   0    0   0   0   0   0   0   0   0   0   0   0   0 100
D_Zappacosta  24 ita  1 19 11  6 30 100 470 827 820   1   0   96   0   0   0   0   1   0   0   0   0   0   0 100
P_Oliveira    25 por  1 19  1  1 30 100 470 820 820   0   0    0   0   0   0   0   0   0   0   0   0   0   0 100
S_Prödl       29 aut  1 19  1  1 30 100 408 813 807  12   2  993   0   0   0   6   1   1   0   0   7   0   0 100
P_Jansson     26 swe  1 19  1  1 30 100 396 818 818  15   2 1204   1   0   0  19   0   0   0   0   1   0   0 100
G_Pezzella    25 arg  1 19  1  1 30 100 392 820 820   3   1  260   0   0   0   6   0   0   0   0   0   0   0 100
Cédric_Soares 25 por  1 19 11  5 30 100 380 587 580   2   0  187   0   0   0   0   1   0   0   0   0   0   0 100
T_Kongolo     23 ned  1 19  1  1 30 100 362 820 820   1   0   93   0   0   0   1   0   0   0   0   0   0   0 100
S_Corchia     26 fra  1 19 11  5 30 100 350 841 821   2   0  187   0   0   0   0   3   1   0   0   0   0   0 100
Rick_Karsdorp 22 ned  1 19 11  5 30 100 332 854 825   3   2  159   0   0   0   1   2   1   0   1   0   0   0 100
Wesley_Hoedt  23 ned  1 19  1  1 30 100 320 820 820   0   0    0   0   0   0   0   0   0   0   0   0   0   0 100
Ron_Vlaar     32 ned  1 19  1  1 30 100 320 820 820   0   0    0   0   0   0   0   0   0   0   0   0   0   0 100
Daryl_Janmaat 27 ned  1 19 11  5 30 100 320 820 820   0   0    0   0   0   0   0   0   0   0   0   0   0   0 100
Yeray_Álvarez 22 esp  1 19  1  1 30 100 320 820 820   0   0    0   0   0   0   0   0   0   0   0   0   0   0 100
Luís_Neto     28 por  1 19  1  1 30 100 320 820 820   0   0    0   0   0   0   0   0   0   0   0   0   0   0 100
André_Pinto   27 por  1 19  1  1 30 100 320 820 820   0   0    0   0   0   0   0   0   0   0   0   0   0   0 100
Eliseu        33 por  1 19  9  5 30 100 320 820 820   0   0    0   0   0   0   0   0   0   0   0   0   0   0 100
D_Bonera      35 ita  1 19  1  1 30 100 320 820 820   0   0    0   0   0   0   0   0   0   0   0   0   0   0 100
Wallace       22 bra  1 19  1  1 30 100 320 820 820   0   0    0   0   0   0   0   0   0   0   0   0   0   0 100
F_Roncaglia   29 arg  1 19  1  1 30 100 320 820 820   0   0    0   0   0   0   0   0   0   0   0   0   0   0 100
Glen_Johnson  32 eng  1 19 11  4 30 100 320 820 820   0   0    0   0   0   0   0   0   0   0   0   0   0   0 100
A_Rukavina    33 srb  1 19 11  5 30 100 320 820 820   0   0    0   0   0   0   0   0   0   0   0   0   0   0 100
Jonny_Castro  23 esp  1 19 11  5 30 100 320 820 820   0   0    0   0   0   0   0   0   0   0   0   0   0   0 100
J_Djourou     30 sui  1 19  1  1 30 100 313 813 807  13   2 1037   0   0   0   8   1   1   0   0   7   0   0 100
Jonas_Olsson  34 swe  1 19  1  1 30 100 312 832 818  12   3  909   1   0   0  12   2   0   0   0   1   0   0 100
Michael_Lang  26 sui  1 19 11  5 30 100 304 843 847  16   4 1258   1   0   0  12   9   5   2   0   5   0   1 100
Paul_Aguilar  31 mex  1 19 11  6 30 100 291 933 890  13   1 1171   4   0   0  11  15   8   2   1   1   0   0 100
Michal_Pazdan 29 pol  1 19  1  1 30 100 280 810 810  12   0 1084   0   0   0  10   0   0   0   0   0   0   0 100
James_Collins 33 wal  1 19  1  1 30 100 268 757 756  10   0  941   1   0   0  14   1   2   0   0   0   0   0 100
M_Hinteregger 24 aut  1 19  1  1 30 100 264 825 823  12   5  854   0   0   0   8   1   1   0   0   1   0   0 100
Fabin_Schar   25 sui  1 19  1  1 30 100 260 827 825  10   5  661   0   0   0   5   1   1   0   0   0   0   0 100
Frank_Fabra   26 col  1 19 11  4 30 100 244 909 804   9   0  816   0   0   0   8  13   2   0   1   6   0   0 100
F_Benkovic    19 cro  1 19  1  1 30 100 232 810 810   6   2  443   0   0   0   6   0   0   0   0   0   0   0 100
Éder_Balanta  24 col  1 19  1  1 30 100 220 810 810   9   6  474   0   0   0   5   0   0   0   0   0   0   0 100
A_Jedrzejczyk 29 pol  1 19 11  6 30 100 216 959 859  14   0 1283   0   0   0  15  19   8   1   1   2   0   0 100
C_Kabasele    26 bel  1 19  1  1 30 100 215 780 780   6   0  575   0   0   0   7   0   0   0   0   0   0   0 100
Enzo_Roco     24 chi  1 19  1  1 30 100 214 811 804  13   0 1235   1   0   0  15   1   0   0   0   3   0   0 100
Gonzalo_Jara  31 chi  1 19  1  1 30 100 214 812 804  13   0 1193   0   0   0  18   2   2   0   0   1   0   0 100
Björn_Engels  22 bel  1 19  1  1 30 100 204 818 818   3   2  131   0   0   0   3   0   0   0   0   1   0   0 100
M_Caruzzo     31 arg  1 19  1  1 30 100 194 820 820   1   0   94   0   0   0   2   0   0   0   0   0   0   0 100
Timm_Klose    28 sui  1 19  1  1 30 100 194 827 820   6   4  337   0   0   0   2   1   0   0   0   0   0   0 100
Erik_Pieters  28 ned  1 19  9  4 30 100 170 820 820   0   0    0   0   0   0   0   0   0   0   0   0   0   0 100
Van_der_Wiel  29 ned  1 19  9  4 30 100 170 820 820   0   0    0   0   0   0   0   0   0   0   0   0   0   0 100
Luisinho      31 por  1 19 11  5 30 100 170 820 820   0   0    0   0   0   0   0   0   0   0   0   0   0   0 100
Y_Gerhardt    23 ger  1 19  9  5 30 100 170 820 820   0   0    0   0   0   0   0   0   0   0   0   0   0   0 100
Armando_Izzo  25 ita  1 19  1  1 30 100 170 820 820   0   0    0   0   0   0   0   0   0   0   0   0   0   0 100
L_D_Silvestri 28 ita  1 19 11  5 30 100 170 820 820   0   0    0   0   0   0   0   0   0   0   0   0   0   0 100
Óscar_Murillo 28 col  1 19  1  1 30 100 170 820 820   0   0    0   0   0   0   0   0   0   0   0   0   0   0 100
James_Tomkins 28 eng  1 19  1  1 30 100 170 820 820   0   0    0   0   0   0   0   0   0   0   0   0   0   0 100
Issa_Diop     20 fra  1 19  1  1 30 100 170 820 820   0   0    0   0   0   0   0   0   0   0   0   0   0   0 100
A_Cresswell   27 eng  1 19 11  5 30 100 170 820 820   0   0    0   0   0   0   0   0   0   0   0   0   0   0 100
Y_Sabaly      24 fra  1 19 11  5 30 100 170 820 820   0   0    0   0   0   0   0   0   0   0   0   0   0   0 100
Miguel_Britos 31 uru  1 19  1  1 30 100 170 820 820   0   0    0   0   0   0   0   0   0   0   0   0   0   0 100
G_Alcoba      32 uru  1 19  1  1 30 100 170 820 820   1   1   29   0   0   0   0   0   0   0   0   0   0   0 100
Neil_Taylor   28 wal  1 19  9  5 30 100 169 796 775   9   3  663   1   0   0  19   8   2   1   0   5   0   0 100
C_Salcedo     23 mex  1 19  1  1 30 100 124 811 805  16   7 1147   1   0   0  15   1   1   0   0   3   0   0 100
Martin_Olsson 28 swe  1 19 11  5 30 100 118 831 820  11   9  515   0   0   0   4   3   2   0   0   0   0   0 100
Hugo_Ayala    30 mex  1 19  1  1 30 100  92 820 825   7   5  349   0   0   0   6   0   1   0   0   0   0   0 100
L_Vangioni    29 arg  1 19 11  5 30 100  80 852 791   6   0  444   0   0   0   5   6   1   0   1  10   0   0 100
Fede_Ricca    22 uru  1 19 11  5 30 100  64 844 818   6   1  408   0   0   0   4   4   2   0   0   2   0   0 100
Jefferson     28 bra  1 19 11  5 30 100  62 820 820   1   0   95   0   0   0   1   0   0   0   0   0   0   0 100
Ivo_Pinto     27 por  1 19 11  5 30 100  56 827 820   1   0   96   0   0   0   3   1   0   0   0   0   0   0 100
D_Santos      23 bra  1 19 11  5 30 100  44 827 820   1   0   95   1   0   0   2   1   0   0   0   0   0   0 100
Rúben_Vezo    22 por  1 19  1  1 30 100  28 816 816   2   0  153   0   0   0   1   0   0   0   0   2   0   0 100
A_Masuaku     23 fra  1 19 11  5 30 100  20 820 820   0   0    0   0   0   0   0   0   0   0   0   0   0   0 100
K_T-Catherine 27 fra  1 19 11  5 30 100  20 820 820   0   0    0   0   0   0   0   0   0   0   0   0   0   0 100
P_van_Aanholt 26 ned  1 19 11  4 30 100  20 820 820   0   0    0   0   0   0   0   0   0   0   0   0   0   0 100
R_Haps        23 ned  1 19 11  5 30 100  20 820 820   0   0    0   0   0   0   0   0   0   0   0   0   0   0 100
M_Zeegelaar   26 ned  1 19 11  5 30 100  20 820 820   0   0    0   0   0   0   0   0   0   0   0   0   0   0 100
Tiago_Ilori   24 por  1 19  1  1 30 100  20 820 820   0   0    0   0   0   0   0   0   0   0   0   0   0   0 100
A_Ranocchia   29 ita  1 19  1  1 30 100  20 820 820   0   0    0   0   0   0   0   0   0   0   0   0   0   0 100
Steve_Cook    25 eng  1 19  1  1 30 100  20 820 820   0   0    0   0   0   0   0   0   0   0   0   0   0   0 100
S_Caulker     25 eng  1 19  1  1 30 100  20 820 820   0   0    0   0   0   0   0   0   0   0   0   0   0   0 100
C_Chambers    22 eng  1 19  7  4 30 100  20 820 820   0   0    0   0   0   0   0   0   0   0   0   0   0   0 100
Joel_Ward     27 eng  1 19 10  5 30 100  20 820 820   0   0    0   0   0   0   0   0   0   0   0   0   0   0 100
Kyle_Naughton 28 eng  1 19 11  5 30 100  20 820 820   0   0    0   0   0   0   0   0   0   0   0   0   0   0 100
Maya_Yoshida  28 jpn  1 19  1  1 30 100  20 820 820   0   0    0   0   0   0   0   0   0   0   0   0   0   0 100
Andrea_Conti  23 ita  1 19 11  5 30 100  20 820 820   0   0    0   0   0   0   0   0   0   0   0   0   0   0 100
W_Tesillo     27 col  1 19  1  1 30 100  20 815 808   4   0  376   0   0   0   1   1   0   0   0   1   0   0 100
Jordan_Amavi  23 fra  1 19 11  5 30 100  20 820 820   0   0    0   0   0   0   0   0   0   0   0   0   0   0 100
Hrvoje_Milic  27 cro  1 19  9  5 30 100  16 831 876   9   0  855   1   0   0  13   3   4   2   0   0   0   0 100
James_Chester 28 wal  1 19  1  1 30 100  10 738 769  10   1  822   0   0   0   6   0   2   1   0   1   0   0 100
César_Montes  20 mex  1 18  1  1 30 100 984 820 821  10   3  574   0   0   0   7   0   1   0   0   0   0   0 100
Antonio_Milic 23 cro  1 18  1  1 30 100 966 808 808   6   0  567   0   0   0   9   0   0   0   0   6   0   0 100
D_Bocanegra   29 col  1 18  9  5 30 100 942 871 840   6   0  559   0   0   0   7   9   3   1   0   1   0   0 100
Tiago_Pinto   29 por  1 18 11  5 30 100 930 834 820   2   0  190   0   0   0   5   2   0   0   0   0   0   0 100
L_De_Bock     24 bel  1 18  9  5 30 100 920 810 810   2   0  189   0   0   0   5   0   0   0   0   0   0   0 100
L_Jiménez     27 col  1 18  1  1 30 100 918 815 813   4   0  333   0   0   0   5   1   1   0   0   1   0   0 100
F_Helander    23 swe  1 18  1  1 30 100 918 827 820   6   4  364   0   0   0   4   1   0   0   0   0   0   0 100
Emiliano_V    22 uru  1 18  1  1 30 100 906 808 809   2   0  186   0   0   0   4   0   1   0   0   1   0   0 100
D_Suárez      28 uru  1 18 11  5 30 100 904 821 801   4   0  367   1   0   0   2   3   1   0   0   5   0   0 100
Jason_Denayer 21 bel  1 18  1  1 30 100 904 818 818   5   4  164   0   0   0   3   0   0   0   0   1   0   0 100
J_Basanta     32 arg  1 18  1  1 30 100 894 820 821   1   0   94   0   0   0   2   0   1   0   0   0   0   0 100
Nico_Elvedi   22 sui  1 18  1  1 30 100 882 820 820   2   1   86   0   0   0   1   0   0   0   0   0   0   0 100
Sven_van_Beek 22 ned  1 18  1  1 30 100 870 820 820   0   0    0   0   0   0   0   0   0   0   0   0   0   0 100
T_Letschert   23 ned  1 18  1  1 30 100 870 820 820   0   0    0   0   0   0   0   0   0   0   0   0   0   0 100
M_Dijks       24 ned  1 18  9  4 30 100 870 820 820   0   0    0   0   0   0   0   0   0   0   0   0   0   0 100
R_van_Rhijn   25 ned  1 18 11  5 30 100 870 820 820   0   0    0   0   0   0   0   0   0   0   0   0   0   0 100
M_Caldara     22 ita  1 18  1  1 30 100 870 820 820   0   0    0   0   0   0   0   0   0   0   0   0   0   0 100
Adam_Masina   23 ita  1 18  9  5 30 100 870 820 820   0   0    0   0   0   0   0   0   0   0   0   0   0   0 100
A_Barreca     22 ita  1 18 11  5 30 100 870 820 820   0   0    0   0   0   0   0   0   0   0   0   0   0   0 100
Ben_Mee       27 eng  1 18  9  5 30 100 870 820 820   0   0    0   0   0   0   0   0   0   0   0   0   0   0 100
Daniel_Díaz   36 arg  1 18  1  1 30 100 870 820 820   0   0    0   0   0   0   0   0   0   0   0   0   0   0 100
Willy_Boly    26 fra  1 18  1  1 30 100 870 820 820   2   0  189   0   0   0   0   0   0   0   0   0   0   0 100
Gotoku_Sakai  26 jpn  1 18  9  5 30 100 870 820 820   0   0    0   0   0   0   0   0   0   0   0   0   0   0 100
E_Johansson   28 swe  1 18  1  1 30 100 870 820 820   0   0    0   0   0   0   0   0   0   0   0   0   0   0 100
Niklas_Hult   27 swe  1 18 11  6 30 100 870 820 820   0   0    0   0   0   0   0   0   0   0   0   0   0   0 100
F_Venâncio    24 por  1 18  1  1 30 100 860 810 811   2   1  133   0   0   0   0   0   1   0   0   0   0   0 100
Farid_Díaz    33 col  1 18  5  4 30 100 732 832 819   5   2  346   1   0   0   7   2   1   0   0   1   0   0 100
N_Viergever   27 ned  1 18  1  1 30 100 696 460 460   5   2  416   0   0   0   3   0   0   0   0   0   0   0 100
P_Olkowski    27 pol  1 18 10  5 30 100 688 851 835   7   2  548   0   0   0   6   5   7   0   0   2   0   0 100
M_Suttner     29 aut  1 18 10  5 30 100 680 869 821   6   0  519   0   0   0   5   7   1   0   0   0   0   0 100
Reto_Ziegler  31 sui  1 18  1  1 30 100 662 820 820   2   0  188   0   0   0   1   0   0   0   0   0   0   0 100
F_Moubandje   26 sui  1 18  9  4 30 100 662 834 820   2   0  188   0   0   0   1   2   0   0   0   0   0   0 100
G_Margreitter 28 aut  1 18  1  1 30 100 662 827 820   6   4  337   0   0   0   1   1   0   0   0   0   0   0 100
Thomas_Foket  22 bel  1 18 10  6 30 100 650 827 821   2   0  192   0   0   0   0   1   1   0   0   0   0   0 100
Néstor_Araujo 25 mex  1 18  1  1 30 100 644 820 820   3   1  214   0   0   0   2   0   0   0   0   0   0   0 100
Pedro_Mendes  26 por  1 18  1  1 30 100 632 820 820   1   0   94   0   0   0   1   0   0   0   0   0   0   0 100
Josué_Sá      24 por  1 18  1  1 30 100 632 827 820   1   0   94   0   0   0   1   1   0   0   0   0   0   0 100
Igor_Lewczuk  31 pol  1 18  1  1 30 100 632 820 820   3   0  236   0   0   0   1   0   0   0   0   0   0   0 100
B_Bereszynski 24 pol  1 18 10  5 30 100 632 827 820   3   0  213   0   0   0   1   1   0   0   0   0   0   0 100
Mikale_Lustig 30 swe  1 18  9  4 30 100 620 820 820   0   0    0   0   0   0   0   0   0   0   0   0   0   0 100
Pierre_B      28 swe  1 18 10  5 30 100 620 820 820   0   0    0   0   0   0   0   0   0   0   0   0   0   0 100
Ben_Gibson    24 eng  1 18  1  1 30 100 620 820 820   0   0    0   0   0   0   0   0   0   0   0   0   0   0 100
C_Taylor      23 eng  1 18 10  5 30 100 620 820 820   0   0    0   0   0   0   0   0   0   0   0   0   0   0 100
C_Jenkinson   25 eng  1 18 10  6 30 100 620 820 820   0   0    0   0   0   0   0   0   0   0   0   0   0   0 100
S_Dewaest     25 bel  1 18  1  1 30 100 620 820 820   0   0    0   0   0   0   0   0   0   0   0   0   0   0 100
Saulo_Decarli 25 sui  1 18  1  1 30 100 620 820 820   2   0  188   0   0   0   0   0   0   0   0   0   0   0 100
Luis_Fuentes  30 mex  1 18 10  5 30 100 620 820 820   1   0   97   0   0   0   0   0   0   0   0   0   0   0 100
Sam_Byram     23 eng  1 18 10  6 30 100 620 820 820   0   0    0   0   0   0   0   0   0   0   0   0   0   0 100
J_Lukaku      22 bel  1 18 10  5 30 100 620 820 825   1   1   53   0   0   0   0   0   1   0   0   0   0   0 100
Ludwig_A      22 swe  1 18 10  5 30 100 573 832 818   3   1  207   0   0   0   7   2   0   0   0   1   0   0 100
I_Jiménez     27 mex  1 18 10  5 30 100 526 815 808   2   0  185   0   0   0   4   1   0   0   0   1   0   0 100
O_González    32 chi  1 18  1  1 30 100 516 827 820   9   2  740   0   0   0  13   1   0   0   0   0   0   0 100
M_Piedrahita  31 col  1 18  5  4 30 100 504 817 810   2   1  120   0   0   0   2   1   0   0   0   0   0   0 100
Léo_Lacroix   25 sui  1 18  1  1 30 100 502 820 820   1   0   93   0   0   0   1   0   0   0   0   0   0   0 100
Emil_Krafth   22 swe  1 18 10  5 30 100 502 875 820   2   0  191   0   0   0   1   5   0   0   1   0   0   0 100
Andreas_Ulmer 31 aut  1 18 10  5 30 100 502 834 820   2   0  186   0   0   0   1   2   0   0   0   0   0   0 100
Florian_Klein 30 aut  1 18 10  6 30 100 500 832 830   2   0  186   0   0   0   1   2   4   0   0   1   0   0 100
Rasmus_B      30 swe  1 18  1  1 30 100 490 820 820   0   0    0   0   0   0   0   0   0   0   0   0   0   0 100
A_Milosevic   25 swe  1 18  1  1 30 100 490 820 820   0   0    0   0   0   0   0   0   0   0   0   0   0   0 100
Johan_Larsson 26 swe  1 18 10  5 30 100 490 820 820   0   0    0   0   0   0   0   0   0   0   0   0   0   0 100
T_Castagne    21 bel  1 18 10  6 30 100 490 820 820   0   0    0   0   0   0   0   0   0   0   0   0   0   0 100
L_P_Cavanda   26 bel  1 18 10  6 30 100 490 820 820   0   0    0   0   0   0   0   0   0   0   0   0   0   0 100
Edwin_Hdez    30 mex  1 18  9  4 30 100 490 820 820   0   0    0   0   0   0   0   0   0   0   0   0   0   0 100
A_Callens     25 per  1 18  1  1 30 100 490 820 820   0   0    0   0   0   0   0   0   0   0   0   0   0   0 100
L_Advíncula   27 per  1 18 10  5 30 100 490 820 820   0   0    0   0   0   0   0   0   0   0   0   0   0   0 100
Rafa_Soares   21 por  1 18 10  5 30 100 490 827 820   1   0   45   0   0   0   0   1   0   0   0   0   0   0 100
Gaston_Silva  23 uru  1 18  1  1 30 100 490 820 820   1   0   94   0   0   0   0   0   0   0   0   0   0   0 100
Alex_Silva    27 uru  1 18  9  4 30 100 490 827 820   1   0   94   0   0   0   0   1   0   0   0   0   0   0 100
Adam_Matthews 25 wal  1 18 10  5 30 100 480 781 768   6   2  509   0   0   0  10   3   4   0   0   0   0   0 100
Érick_Aguirre 20 mex  1 18  9  5 30 100 457 834 820   4   0  384   1   0   0   8   2   0   0   0   0   0   0 100
M_Albornoz    26 chi  1 18  9  3 30 100 426 887 884  11   2  914   1   0   0  14   7   4   2   1   1   0   0 100
M_Mitrovic    23 cro  1 18  1  1 30 100 410 810 810   3   0  250   0   0   0   5   0   0   0   0   5   0   0 100
Pedro_Franco  25 col  1 18  1  1 30 100 406 818 818   3   0  283   0   0   0   4   0   0   0   0   1   0   0 100
José_Abella   23 mex  1 18  9  4 30 100 396 827 830   2   1  173   0   0   0   3   1   2   0   0   0   0   0 100
Joel_Lynch    29 wal  1 18  1  1 30 100 392 816 816   4   1  228   0   0   0   3   0   0   0   0   2   0   0 100
S_Magnasco    24 chi  1 18  9  4 30 100 367 834 819   6   1  515   0   0   0  12   3   1   0   0   1   0   0 100
H_Westermann  33 ger  1 18  1  1 30 100 361 820 820   0   0    0   0   0   0   0   0   0   0   0   0   0   0 100
M_Bjarsmyr    31 swe  1 18  1  1 30 100 361 820 820   0   0    0   0   0   0   0   0   0   0   0   0   0   0 100
M_Johansson   25 swe  1 18 10  4 30 100 361 820 820   0   0    0   0   0   0   0   0   0   0   0   0   0   0 100
C_Fiore       22 bel  1 18  1  1 30 100 361 820 820   0   0    0   0   0   0   0   0   0   0   0   0   0   0 100
J_Domínguez   29 mex  1 18  1  1 30 100 361 820 820   0   0    0   0   0   0   0   0   0   0   0   0   0   0 100
Enrique_Pérez 28 mex  1 18  1  1 30 100 361 820 820   0   0    0   0   0   0   0   0   0   0   0   0   0   0 100
E_García      27 mex  1 18  9  5 30 100 361 820 820   0   0    0   0   0   0   0   0   0   0   0   0   0   0 100
F_Navarro     27 mex  1 18 10  6 30 100 361 820 820   0   0    0   0   0   0   0   0   0   0   0   0   0   0 100
Jesús_Sánchez 27 mex  1 18  9  4 30 100 361 820 820   0   0    0   0   0   0   0   0   0   0   0   0   0   0 100
Raúl_López    24 mex  1 18  9  4 30 100 361 820 820   0   0    0   0   0   0   0   0   0   0   0   0   0   0 100
Michael_Madl  29 aut  1 18  1  1 30 100 361 820 820   1   0   92   0   0   0   0   0   0   0   0   0   0   0 100
Marin_Leovac  28 cro  1 18  9  4 30 100 361 820 820   2   0  192   0   0   0   0   0   0   0   0   0   0   0 100
S_von_Bergen  33 sui  1 18  1  1 30 100 361 820 820   1   0   93   0   0   0   0   0   0   0   0   0   0   0 100
Loris_Benito  25 sui  1 18  9  4 30 100 361 820 820   0   0    0   0   0   0   0   0   0   0   0   0   0   0 100
G_Troupée     19 ned  1 18 10  6 30 100 361 820 820   0   0    0   0   0   0   0   0   0   0   0   0   0   0 100
R_Herrera     28 uru  1 18  1  1 30 100 361 820 820   1   1   38   0   0   0   0   0   0   0   0   0   0   0 100
F_Hadergjonaj 22 sui  1 18 10  5 30 100 361 827 820   1   0   95   0   0   0   0   1   0   0   0   0   0   0 100
Chris_Gunter  27 wal  1 18 10  5 30 100 360 781 773   6   1  567   0   0   0   5   3   5   0   0   0   0   0 100
Paul_Dummett  25 wal  1 18 10  5 30 100 355 744 731   7   2  573   0   0   0   7   2   1   0   0   5   0   0 100
B_Salamon     25 pol  1 18  1  1 30 100 340 800 800   4   3  205   0   0   0   0   0   0   0   0   5   0   0 100
C_Vilches     33 chi  1 18  1  1 30 100 322 805 799   8   3  574   0   0   0   7   1   1   0   0   1   0   0 100
S_Riether     34 ger  1 18  9  4 30 100 318 458 459   4   2  301   0   0   0   5   0   1   0   0   1   0   0 100
E_Bergstrom   23 swe  1 18  1  1 30 100 314 820 820   2   0  191   0   0   0   7   0   0   0   0   0   0   0 100
Paulo_Díaz    22 chi  1 18  1  1 30 100 302 827 820   6   0  570   0   0   0   6   1   0   0   0   0   0   0 100
M_Kaminski    25 pol  1 18  1  1 30 100 290 820 820   2   0  185   0   0   0   5   0   0   0   0   0   0   0 100
Bernardo      21 bra  1 18  9  4 30 100 284 815 808   4   2  228   0   0   0   3   1   0   0   0   1   0   0 100
T_Kedziora    22 pol  1 18  9  4 30 100 252 825 823   2   0  185   0   0   0   2   1   1   0   0   1   0   0 100
Jazz_Richards 25 wal  1 18  9  4 30 100 242 820 820   1   0   96   0   0   0   1   0   0   0   0   0   0   0 100
E_Velarde     30 mex  1 18 10  5 30 100 240 818 823   1   0   93   0   0   0   1   0   1   0   0   1   0   0 100
Bryan_Verboom 25 bel  1 18 10  5 30 100 230 820 820   0   0    0   0   0   0   0   0   0   0   0   0   0   0 100
Hiram_Mier    27 mex  1 18  1  1 30 100 230 820 820   0   0    0   0   0   0   0   0   0   0   0   0   0   0 100
A_Aldrete     28 mex  1 18  9  4 30 100 230 820 820   0   0    0   0   0   0   0   0   0   0   0   0   0   0 100
G_Rodríguez   31 mex  1 18  9  4 30 100 230 820 820   0   0    0   0   0   0   0   0   0   0   0   0   0   0 100
Miguel_Ponce  27 mex  1 18  9  4 30 100 230 820 820   0   0    0   0   0   0   0   0   0   0   0   0   0   0 100
Stefan_Stangl 25 aut  1 18  9  4 30 100 230 827 820   1   0   93   0   0   0   0   1   0   0   0   0   0   0 100
C_Trimmel     30 aut  1 18 10  5 30 100 230 820 850   2   0  109   1   0   0   0   0   1   1   0   0   0   0 100
J_Simunovic   22 cro  1 18  1  1 30 100 230 820 820   2   0  192   0   0   0   0   0   0   0   0   0   0   0 100
D_Caleta-Car  20 cro  1 18  1  1 30 100 230 820 820   0   0    0   0   0   0   0   0   0   0   0   0   0   0 100
Joris_Gnagnon 20 civ  1 18  1  1 30 100 230 820 820   0   0    0   0   0   0   0   0   0   0   0   0   0   0 100
Moritz_Bauer  25 sui  1 18  9  4 30 100 230 820 820   0   0    0   0   0   0   0   0   0   0   0   0   0   0 100
M_Olivera     25 uru  1 18 10  5 30 100 230 827 820   1   1   28   0   0   0   0   1   0   0   0   0   0   0 100
P_Netzer      31 aut  1 18  1  1 30 100 142 820 820   1   0   93   0   0   0   1   0   0   0   0   0   0   0 100
Stefan_Medina 24 col  1 18  5  4 30 100 102 817 811   3   1  219   0   0   0   1   1   1   0   0   0   0   0 100
P_De_Ceglie   30 ita  1 18 10  5 30 100 100 820 820   0   0    0   0   0   0   0   0   0   0   0   0   0   0 100
C_Cuevas      22 chi  1 18 10  5 30 100 100 820 820   0   0    0   0   0   0   0   0   0   0   0   0   0   0 100
P_Retsos      18 gre  1 18  1  1 30 100 100 820 820   0   0    0   0   0   0   0   0   0   0   0   0   0   0 100
Craig_Morgan  31 wal  1 18  1  1 30 100 100 820 820   0   0    0   0   0   0   0   0   0   0   0   0   0   0 100
Rhoys_Wiggins 29 wal  1 18  9  4 30 100 100 820 820   0   0    0   0   0   0   0   0   0   0   0   0   0   0 100
Rob_Holding   21 eng  1 17  1  1 30 100 992 845 818   3   1  239   0   0   0   2   1   0   0   1   1   0   0 100
R_Cereceda    32 chi  1 17  9  4 30 100 970 820 820   0   0    0   0   0   0   0   0   0   0   0   0   0   0 100
P_Magalhães   27 chi  1 17  9  4 30 100 970 820 820   1   1    4   0   0   0   0   0   0   0   0   0   0   0 100
Y_Yotún       27 per  1 17  9  4 30 100 970 820 820   0   0    0   0   0   0   0   0   0   0   0   0   0   0 100
Miguel_Trauco 24 per  1 17 10  5 30 100 970 820 820   0   0    0   0   0   0   0   0   0   0   0   0   0   0 100
Hans_Martínez 30 chi  1 17  1  1 30 100 840 820 820   0   0    0   0   0   0   0   0   0   0   0   0   0   0 100
L_Dickmann    20 ita  1 17 10  5 30 100 840 820 820   0   0    0   0   0   0   0   0   0   0   0   0   0   0 100
Erick_Cabaco  21 uru  1 17  1  1 30 100 840 820 820   0   0    0   0   0   0   0   0   0   0   0   0   0   0 100
Ivan_Tomecak  27 cro  1 17  8  4 30 100 650 820 820   2   0  192   0   0   0   0   0   0   0   0   0   0   0 100
D_Upamecano   18 fra  1 17  1  1 30 100 620 820 820   0   0    0   0   0   0   0   0   0   0   0   0   0   0 100
N_Milenkovic  19 srb  1 17  1  1 30 100 620 820 820   0   0    0   0   0   0   0   0   0   0   0   0   0   0 100
Reece_Oxford  18 eng  1 17  1  1 30 100 610 810 810   2   0  141   0   0   0   0   0   0   0   0   0   0   0 100
Thilo_Kehrer  20 ger  1 17  1  1 30 100 511 820 820   0   0    0   0   0   0   0   0   0   0   0   0   0   0 100
J_Onguéné     19 fra  1 17  1  1 30 100 400 820 820   0   0    0   0   0   0   0   0   0   0   0   0   0   0 100
C_Romero      19 arg  1 17  1  1 30 100 290 820 820   0   0    0   0   0   0   0   0   0   0   0   0   0   0 100
Alec_Georgen  18 fra  1 17  8  4 30 100 290 820 820   0   0    0   0   0   0   0   0   0   0   0   0   0   0 100
Joshua_Bitter 20 ger  1 16  1  1 30 100 850 820 820   0   0    0   0   0   0   0   0   0   0   0   0   0   0 100
Luiz_Gustavo  29 bra  1 18 20  1 30 100 820 332 808   5   0  471   0   0   0   1  12   0   0   0   1   0   0 100
Marcelo_Díaz  30 chi  1 18 20  1 30 100 928 134 826  10   2  816   1   0   0   9  22   2   0   4   0   0   0 100
M_San_José    27 esp  1 17 20  2 30 100 820  80 820   0   0    0   0   0   0   0   0   0   0   0   0   0   0 100
A_Iturraspe   28 esp  1 17 20  2 30 100 820  80 820   0   0    0   0   0   0   0   0   0   0   0   0   0   0 100
J_Guilavogui  26 fra  1 18 19  1 30 100 832 900 820   1   0   45   0   0   0   1   0   0   0   0   0   0   0 100
Nigel_de_Jong 32 ned  1 17 19  1 30 100 940 672 820   9   1  759   0   0   0  10  26   0   0   1   0   0   0 100
Jordy_Clasie  25 ned  1 17 19  1 30 100 904 658 826  10   1  807   0   0   0   7  24   2   0   1   0   0   0 100
G_Imbula      24 fra  1 17 19  1 30 100 820 620 820   0   0    0   0   0   0   0   0   0   0   0   0   0   0 100
Yann_M'Vila   26 fra  1 16 19  2 30 100 820 620 820   0   0    0   0   0   0   0   0   0   0   0   0   0   0 100
Fernando_M    25 bra  1 17 19  1 30 100 820 620 820   0   0    0   0   0   0   0   0   0   0   0   0   0   0 100
Rasmus_Elm    29 swe  1 16 19  2 30 100 916 616 830   8   0  755   1   0   0   8  18   2   0   1   0   0   0 100
Milan_Badelj  28 cro  1 17 19  1 30 100 870 608 804  10   0  905   0   0   0   6  20   2   0   1   1   0   0 100
E_Polanski    31 pol  1 16 19  2 30 100 902 577 818  11   1  960   0   0   0   8  30   4   0   3   7   0   0 100
É_Capoue      28 fra  1 16 19  2 30 100 820 470 820   0   0    0   0   0   0   0   0   0   0   0   0   0   0 100
Javi_García   30 esp  1 17 19  1 30 100 820 470 820   0   0    0   0   0   0   0   0   0   0   0   0   0   0 100
Jack_Cork     27 eng  1 17 19  1 30 100 820 470 820   0   0    0   0   0   0   0   0   0   0   0   0   0   0 100
Daniel_Torres 27 col  1 17 19  1 30 100 906 457 800  10   3  754   1   0   0   9  17   2   0   2   1   0   0 100
Carlos_Sáncez 31 col  1 16 19  2 30 100 868 431 827   6   0  545   0   0   0   4  10   3   0   2   0   0   0 100
V_Behrami     31 sui  1 17 19  1 30 100 854 429 823  11   3  844   0   0   0   3  13   1   0   1   1   0   0 100
S_Pérez       24 col  1 16 19  2 30 100 844 342 820   7   1  572   0   0   0   2  16   0   0   3   0   0   0 100
M_Llorente    22 esp  1 16 19  2 30 100 820 320 820   0   0    0   0   0   0   0   0   0   0   0   0   0   0 100
David_López   27 esp  1 17 19  1 30 100 820 320 820   0   0    0   0   0   0   0   0   0   0   0   0   0   0 100
L_Cattermole  29 eng  1 17 19  1 30 100 820 320 820   0   0    0   0   0   0   0   0   0   0   0   0   0   0 100
G_Gillet      33 bel  1 17 19  1 30 100 820 320 820   1   1   26   0   0   0   0   0   0   0   0   0   0   0 100
G_Fernandes   30 sui  1 17 19  1 30 100 868 218 820   3   1  190   0   0   0   4   4   0   0   1   0   0   0 100
L_Torreira    21 uru  1 16 19  2 30 100 874 196 816  10   0  903   0   0   0   5  23   2   0   1   3   0   0 100
L_Ponzio      34 arg  1 17 19  1 30 100 832 191 820   1   0   98   0   0   0   1   3   0   0   0   0   0   0 100
Sven_Kums     29 bel  1 17 19  1 30 100 820 184 820   3   0  263   0   0   0   0   2   0   0   0   0   0   0 100
José_Vázquez  29 mex  1 17 19  1 30 100 924 184 821  11   0 1047   1   0   0   9  21   1   0   1   2   0   0 100
Danilo_B      21 bra  1 16 19  2 30 100 820 170 820   0   0    0   0   0   0   0   0   0   0   0   0   0   0 100
A_Mejía       28 col  1 17 19  1 30 100 820 170 820   0   0    0   0   0   0   0   0   0   0   0   0   0   0 100
P_Schwegler   30 sui  1 16 19  2 30 100 820 170 820   0   0    0   0   0   0   0   0   0   0   0   0   0   0 100
Stijn_Schaars 33 ned  1 16 19  2 30 100 820 170 820   1   1   27   0   0   0   0   0   0   0   0   0   0   0 100
Lustenberger  28 sui  1 17 19  1 30 100 818 168 818   3   2  159   0   0   0   0   0   0   0   0   1   0   0 100
Jesús_Dueñas  28 mex  1 17 19  1 30 100 888  93 817   8   1  697   0   0   0   6  11   1   0   0   2   0   0 100
Oriol_Romeu   25 esp  1 17 19  1 30 100 820  20 820   0   0    0   0   0   0   0   0   0   0   0   0   0   0 100
D_Cataldi     22 ita  1 16 19  2 30 100 820  20 820   0   0    0   0   0   0   0   0   0   0   0   0   0   0 100
Jack_Rodwell  26 eng  1 16 19  2 30 100 820  20 820   0   0    0   0   0   0   0   0   0   0   0   0   0   0 100
J_Livermore   27 eng  1 16 19  2 30 100 820  20 820   0   0    0   0   0   0   0   0   0   0   0   0   0   0 100
T_Huddlestone 30 eng  1 16 19  2 30 100 820  20 820   0   0    0   0   0   0   0   0   0   0   0   0   0   0 100
Luka_Zuffi    27 sui  1 16 19  2 30 100 820  20 820   0   0    0   0   0   0   0   0   0   0   0   0   0   0 100
Franck_Kessié 20 civ  1 16 19  2 30 100 820  20 820   0   0    0   0   0   0   0   0   0   0   0   0   0   0 100
W_Gargano     32 uru  1 17 19  1 30 100 844  10 851   9   0  851   1   0   0   2  20   2   1   0   0   0   0 100
Joe_Ledley    30 wal  1 16 18  2 30 100 810 974 751  10   1  850   0   0   0   5  22   1   0   1   0   0   0 100
S_Ilsanker    27 aut  1 17 18  1 30 100 880 920 813  11   6  553   1   0   0   6   6   1   0   1   1   0   0 100
Jesús_Molina  29 mex  1 17 18  1 30 100 844 905 820   6   0  558   0   0   0   2   5   0   0   0   0   0   0 100
Walace        21 bra  1 16 18  2 30 100 848 898 805   4   0  383   0   0   0   4   4   1   0   1   0   0   0 100
F_Silva       31 chi  1 17 18  1 30 100 820 870 820   0   0    0   0   0   0   0   0   0   0   0   0   0   0 100
Esteban_Pavez 26 chi  1 16 18  1 30 100 832 655 821   2   0  161   0   0   0   1   5   1   0   0   0   0   0 100
Veli_Kavlak   28 aut  1 16 18  1 30 100 844 641 820   4   1  292   0   0   0   2   3   0   0   0   0   0   0 100
W_Barrios     23 col  1 15 18  2 30 100 844 641 820   3   0  287   0   0   0   2   3   0   0   0   0   0   0 100
G_Celis       23 col  1 16 18  1 30 100 844 627 820   3   0  287   0   0   0   2   1   0   0   0   0   0   0 100
Vurnon_Anita  27 ned  1 16 18  1 30 100 820 620 820   0   0    0   0   0   0   0   0   0   0   0   0   0   0 100
Ryan_Donk     31 ned  1 16 18  1 30 100 820 620 820   0   0    0   0   0   0   0   0   0   0   0   0   0   0 100
Manuel_Iturra 32 chi  1 16 18  1 30 100 820 620 820   0   0    0   0   0   0   0   0   0   0   0   0   0   0 100
Erick_Pulgar  23 chi  1 16 18  1 30 100 820 620 820   0   0    0   0   0   0   0   0   0   0   0   0   0   0 100
A_Fransson    23 swe  1 15 18  2 30 100 826 592 796  10   6  547   0   0   0   3  13   2   0   2   0   0   0 100
D_Luckassen   21 ned  1 15 18  1 30 100 846 529 810   2   0  186   0   0   0   3   7   0   0   0   0   0   0 100
Marcus_Rohdén 25 swe  1 15 18  2 30 100 854 529 818   2   0  193   0   0   0   3   3   0   0   1   1   0   0 100
Oscar_Lewicki 24 swe  1 16 18  1 30 100 820 490 820   0   0    0   0   0   0   0   0   0   0   0   0   0   0 100
I_Cissé       23 bel  1 15 18  2 30 100 820 490 820   0   0    0   0   0   0   0   0   0   0   0   0   0   0 100
Rafael_Baca   27 mex  1 16 18  1 30 100 820 490 820   0   0    0   0   0   0   0   0   0   0   0   0   0   0 100
Thiago_Maia   20 bra  1 16 18  1 30 100 800 385 788   3   0  286   0   0   0   1   8   0   0   0   1   0   0 100
Janusz_Gol    31 pol  1 16 18  1 30 100 844 381 820   3   0  199   0   0   0   2   3   0   0   0   0   0   0 100
Lorenzo_Reyes 25 chi  1 16 18  1 30 100 844 374 820   2   0  161   0   0   0   2   2   0   0   0   0   0   0 100
T_Jodlowiec   31 pol  1 15 18  2 30 100 842 372 818   3   1  219   0   0   0   2   2   0   0   0   1   0   0 100
A_Grassi      22 ita  1 15 18  2 30 100 820 361 820   0   0    0   0   0   0   0   0   0   0   0   0   0   0 100
R_Holzhauser  24 aut  1 15 18  2 30 100 820 361 820   0   0    0   0   0   0   0   0   0   0   0   0   0   0 100
E_A_Ríos      35 uru  1 16 18  1 30 100 820 361 820   0   0    0   0   0   0   0   0   0   0   0   0   0   0 100
S_Ascacíbar   20 arg  1 15 18  2 30 100 820 361 820   0   0    0   0   0   0   0   0   0   0   0   0   0   0 100
S_Kulovits    33 aut  1 16 18  1 30 100 820 128 820   1   0   92   0   0   0   0   4   0   0   0   0   0   0 100
David_Vaughan 34 wal  1 16 18  1 30 100 844 114 820   3   3   79   0   0   0   2   2   0   0   0   0   0   0 100
G_Brugman     24 uru  1 15 18  2 30 100 820 107 820   1   1   12   0   0   0   0   1   0   0   0   0   0   0 100
Facundo_Píriz 27 uru  1 16 18  1 30 100 820 100 820   0   0    0   0   0   0   0   0   0   0   0   0   0   0 100
Marko_Basic   28 cro  1 16 18  1 30 100 938  51 818   7   0  666   1   0   0  10   9   0   0   1   1   0   0 100
S_Schwab      26 aut  1 15 17  1 30 100 832 998 820   2   0  138   0   0   0   1   4   0   0   0   0   0   0 100
M_Íldiz       25 aut  1 16 17  1 30 100 832 977 820   2   1   92   0   0   0   1   1   0   0   0   0   0   0 100
J_Radosevic   23 cro  1 15 17  2 30 100 820 970 820   0   0    0   0   0   0   0   0   0   0   0   0   0   0 100
Emyr_Huws     23 wal  1 15 17  2 30 100 832 854 820   2   2  104   0   0   0   1   2   0   0   0   0   0   0 100
S_MacDonald   28 wal  1 16 17  1 30 100 844 847 820   4   1  231   0   0   0   2   1   0   0   0   0   0   0 100
Dominik_Wydra 23 aut  1 15 17  1 30 100 820 840 820   0   0    0   0   0   0   0   0   0   0   0   0   0   0 100
L_Callegari   19 fra  1 14 17  2 30 100 820 400 820   0   0    0   0   0   0   0   0   0   0   0   0   0   0 100
Carel_Eiting  19 ned  1 14 17  2 30 100 460  40 460   0   0    0   0   0   0   0   0   0   0   0   0   0   0 100
Niklas_Dorsch 19 ger  1 14 16  2 30 100 820 850 820   0   0    0   0   0   0   0   0   0   0   0   0   0   0 100
Borja_Valero  32 esp  1  7 20 12 30 100 820 440 820   0   0    0   0   0   0   0   0   0   0   0   0   0   0 100
Adrien_Silva  28 por  1 13 20  6 30 100 820 440 820   1   0   94   0   0   0   0   0   0   0   0   0   0   0 100
Roque_Mesa    28 esp  1 13 20  6 30 100 820 260 820   0   0    0   0   0   0   0   0   0   0   0   0   0   0 100
Beñat         30 esp  1  7 20 12 30 100 820 260 820   0   0    0   0   0   0   0   0   0   0   0   0   0   0 100
R_Pereyra     25 arg  1  6 20 13 30 100 832 184 971   7   0  668   1   0   0   1  12  15   4   1   0   0   0 100
Paulinho      28 bra  1 13 20  6 30 100 832 176 825   4   0  344   1   0   0   1   8   1   0   2   0   0   0 100
R_Augusto     29 bra  1  6 20 13 30 100 832 163 855   6   1  474   0   0   0   1   9   2   1   1   0   0   0 100
Marco_Parolo  32 ita  1 12 20  7 30 100 820  80 820   0   0    0   0   0   0   0   0   0   0   0   0   0   0 100
P_Hernández   30 chi  1  7 19 12 30 100 808 981 838   8   1  697   0   0   0   1  15   5   1   0   2   0   0 100
Yohan_Cabaye  31 fra  1 13 19  6 30 100 832 900 820   2   0  159   0   0   0   1   0   0   0   0   0   0   0 100
Z_Junuzovic   29 aut  1  6 19 12 30 100 848 682 828  13   0  910   0   0   0   3  20   4   0   4   4   0   0 100
D_Baselli     25 ita  1  8 19 10 30 100 820 620 820   0   0    0   0   0   0   0   0   0   0   0   0   0   0 100
M_Vecino      25 uru  1 12 19  6 30 100 844 522 820   9   0  678   0   0   0   3  19   4   0   4   6   0   0 100
Ruud_Vormer   28 ned  1  9 19  9 30 100 820 470 820   0   0    0   0   0   0   0   0   0   0   0   0   0   0 100
Lasse_Schöne  30 den  1 10 19  8 30 100 820 470 820   0   0    0   0   0   0   0   0   0   0   0   0   0   0 100
Mark_Noble    29 eng  1 11 19  7 30 100 820 470 820   0   0    0   0   0   0   0   0   0   0   0   0   0   0 100
Steven_Defour 28 bel  1 10 19  8 30 100 820 470 851   1   0   74   0   0   0   0   0   2   1   0   0   0   0 100
Joe_Allen     27 wal  1 10 19  8 30 100 790 442 797  12   0 1034   0   0   0   5   6  14   1   1   5   0   0 100
M_Fernandes   31 por  1  6 19 12 30 100 640 440 640   0   0    0   0   0   0   0   0   0   0   0   0   0   0 100
Gokham_Inler  32 sui  1 12 19  6 30 100 830 432 873  14   0 1024   1   0   0   2  15   5   2   1   2   0   0 100
Souza         28 bra  1 12 19  6 30 100 832 355 820   4   0  383   0   0   0   1   5   0   0   0   0   0   0 100
Leroy_Fer     27 ned  1  7 19 11 30 100 820 320 820   0   0    0   0   0   0   0   0   0   0   0   0   0   0 100
Tonny_Vilhena 22 ned  1  8 19 10 30 100 820 320 820   0   0    0   0   0   0   0   0   0   0   0   0   0   0 100
P_Mosquera    28 esp  1 11 19  7 30 100 820 320 820   0   0    0   0   0   0   0   0   0   0   0   0   0   0 100
Jonjo_Shelvey 25 eng  1 10 19  8 30 100 820 320 820   0   0    0   0   0   0   0   0   0   0   0   0   0   0 100
Tom_Cleverley 27 eng  1  7 19 11 30 100 820 320 820   0   0    0   0   0   0   0   0   0   0   0   0   0   0 100
Vadis_O-Ofoe  28 bel  1 11 19  7 30 100 820 320 820   0   0    0   0   0   0   0   0   0   0   0   0   0   0 100
L_Pellegrini  20 ita  1 10 19  8 30 100 820 320 820   0   0    0   0   0   0   0   0   0   0   0   0   0   0 100
Dennis_Praet  22 bel  1  6 19 12 30 100 820 320 820   0   0    0   0   0   0   0   0   0   0   0   0   0   0 100
Albin_Ekdal   27 swe  1 11 19  7 30 100 864 298 855  13   0  868   1   0   0   5  12   6   1   3   3   0   0 100
S_Cristóforo  23 uru  1 12 19  6 30 100 886 273 928  11   0  982   1   0   0   8  16  10   4   1   0   0   0 100
É_Gutiérrez   21 mex  1 11 19  7 30 100 820 253 822   7   2  503   0   0   0   0   9   2   0   1   0   0   0 100
Fabian_Frei   28 sui  1  9 19  9 30 100 866 232 851  10   2  818   1   0   0   4   9   4   1   0   1   0   0 100
M_Pereyra     27 uru  1  6 19 12 30 100 816 228 831  11   5  678   0   0   0   0   6  11   0   1   2   0   0 100
F_Gutiérrez   26 chi  1  7 19 11 30 100 818 209 834   4   0  381   0   0   0   0   3   4   0   1   1   0   0 100
M_de_Roon     26 ned  1 11 19  7 30 100 820 170 820   0   0    0   0   0   0   0   0   0   0   0   0   0   0 100
Pedro_Obiang  25 esp  1 12 19  6 30 100 820 170 820   0   0    0   0   0   0   0   0   0   0   0   0   0   0 100
Mounir_Obbadi 33 mar  1 10 19  8 30 100 820 170 820   0   0    0   0   0   0   0   0   0   0   0   0   0   0 100
A_Aquilani    32 ita  1 11 19  7 30 100 820 170 820   0   0    0   0   0   0   0   0   0   0   0   0   0   0 100
J_Ward-Prowse 22 eng  1  8 19 10 30 100 820 170 820   0   0    0   0   0   0   0   0   0   0   0   0   0   0 100
S_Larsson     31 swe  1  7 19 11 30 100 808 119 819  10   1  873   0   0   0   0  13   3   0   1   1   0   0 100
Karol_Linetty 22 pol  1 12 19  6 30 100 842 108 906   9   0  860   1   0   0   2  10  10   2   1   1   0   0 100
O_Pineda      21 mex  1  9 19  8 30 100 822  52 825   6   3  358   0   0   0   1   6   7   0   0   0   0   0 100
André_Martins 27 por  1  7 19 11 30 100 830  39 824   2   0  163   0   0   0   1   3   2   0   0   1   0   0 100
B_Dzemaili    30 sui  1 11 19  7 30 100 834  38 816   6   2  415   0   0   0   2   4   2   0   0   0   0   0 100
R_Bazoer      20 ned  1 10 19  8 30 100 820  20 820   0   0    0   0   0   0   0   0   0   0   0   0   0   0 100
Yassin_Ayoub  23 ned  1  7 19 11 30 100 820  20 820   0   0    0   0   0   0   0   0   0   0   0   0   0   0 100
C_Marrugo     31 col  1  6 19 12 30 100 820  20 820   0   0    0   0   0   0   0   0   0   0   0   0   0   0 100
Ryan_Mason    25 eng  1 11 19  7 30 100 820  20 820   0   0    0   0   0   0   0   0   0   0   0   0   0   0 100
Will_Hughes   21 eng  1 10 19  8 30 100 820  20 820   0   0    0   0   0   0   0   0   0   0   0   0   0   0 100
C_Carmona     30 chi  1 12 19  6 30 100 820  20 820   0   0    0   0   0   0   0   0   0   0   0   0   0   0 100
André_Castro  29 por  1  6 18 12 30 100 820 905 832   2   0  190   0   0   0   0   5   4   0   0   0   0   0 100
Cafú          24 por  1 12 18  6 30 100 856 891 821   1   0   94   0   0   0   3   3   1   0   0   0   0   0 100
R_Pizarro     23 mex  1 11 18  7 30 100 844 877 820   1   0   92   0   0   0   2   1   0   0   0   0   0   0 100
Antonio_Ríos  28 mex  1 11 18  7 30 100 820 870 820   0   0    0   0   0   0   0   0   0   0   0   0   0   0 100
S_Amrabat     20 mar  1 11 18  7 30 100 820 870 820   0   0    0   0   0   0   0   0   0   0   0   0   0   0 100
Marc_Roca     20 esp  1 12 18  6 30 100 820 870 820   0   0    0   0   0   0   0   0   0   0   0   0   0   0 100
D_Kreilach    27 cro  1  7 18 11 30 100 820 870 820   0   0    0   0   0   0   0   0   0   0   0   0   0   0 100
S_Tibbling    22 swe  1 11 18  6 30 100 802 715 792   9   2  636   1   0   0   1  15   2   0   1   5   0   0 100
F_Grillitsch  21 aut  1 10 18  7 30 100 834 668 826  12   1 1057   1   0   0   2  21   4   0   2   0   0   0 100
K_Maczynski   29 pol  1 10 18  7 30 100 832 662 821   3   0  285   0   0   0   1   6   1   0   0   0   0   0 100
Remo_Freuler  24 sui  1  9 18  8 30 100 820 641 820   3   2  171   0   0   0   0   3   0   0   0   0   0   0 100
C_Carbonero   26 col  1  6 18 11 30 100 820 620 820   0   0    0   0   0   0   0   0   0   0   0   0   0   0 100
J_Hernández   27 mex  1 12 18  5 30 100 820 620 820   0   0    0   0   0   0   0   0   0   0   0   0   0   0 100
O_Hiljemark   24 swe  1 11 18  6 30 100 820 620 820   0   0    0   0   0   0   0   0   0   0   0   0   0   0 100
Mateusz_Klich 26 pol  1  6 18 11 30 100 830 516 818   3   0  285   0   0   0   1   4   0   0   0   1   0   0 100
Didier_Moreno 25 col  1 12 18  5 30 100 820 511 820   3   0  262   0   0   0   0   3   0   0   0   0   0   0 100
P_Kasami      24 sui  1 10 18  7 30 100 820 497 825   1   0   95   0   0   0   0   1   1   0   0   0   0   0 100
Simon_Thern   24 swe  1  7 18 10 30 100 820 490 820   0   0    0   0   0   0   0   0   0   0   0   0   0   0 100
Carlos_Peña   27 mex  1  6 18 11 30 100 820 490 820   0   0    0   0   0   0   0   0   0   0   0   0   0   0 100
Almen_Abdi    30 sui  1  5 18 12 30 100 820 490 820   0   0    0   0   0   0   0   0   0   0   0   0   0   0 100
Y_Bennasser   20 mar  1 11 18  6 30 100 820 490 820   0   0    0   0   0   0   0   0   0   0   0   0   0   0 100
Renato_Tapia  21 per  1  9 18  8 30 100 820 490 820   0   0    0   0   0   0   0   0   0   0   0   0   0   0 100
H_Henao       30 col  1 12 18  5 30 100 844 478 813   5   2  242   0   0   0   3   0   1   0   0   1   0   0 100
C_Leitgeb     31 aut  1 10 18  7 30 100 856 437 831   7   2  523   0   0   0   3  11   3   0   0   0   0   0 100
Mateus_Uribe  26 col  1 10 18  7 30 100 837 423 883   8   2  583   0   0   0   2  10   3   2   0   1   0   0 100
C_Jorquera    28 chi  1  8 18  9 30 100 820 374 823   2   0  189   0   0   0   0   2   3   0   0   0   0   0 100
Robert_Gucher 26 aut  1 11 18  6 30 100 820 368 820   1   1   27   0   0   0   0   1   0   0   0   0   0   0 100
Luis_Montes   30 mex  1  6 18 11 30 100 820 361 820   0   0    0   0   0   0   0   0   0   0   0   0   0   0 100
J_D_Guerrero  29 mex  1 11 18  6 30 100 820 361 820   0   0    0   0   0   0   0   0   0   0   0   0   0   0 100
David_Cabrera 27 mex  1 10 18  7 30 100 820 361 820   0   0    0   0   0   0   0   0   0   0   0   0   0   0 100
Ivan_Mocinic  23 cro  1 11 18  6 30 100 820 361 820   1   1    7   0   0   0   0   0   0   0   0   0   0   0 100
Harry_Winks   21 eng  1  7 18 10 30 100 832 361 821   2   0  160   0   0   0   1   0   1   0   0   0   0   0 100
D_Zakaria     20 sui  1 11 18  6 30 100 820 361 820   0   0    0   0   0   0   0   0   0   0   0   0   0   0 100
Lewis_Cook    20 eng  1  6 18 11 30 100 820 244 821   1   0   95   0   0   0   0   2   1   0   0   0   0   0 100
Javier_Cortés 27 mex  1  5 18 12 30 100 820 237 823   2   0  132   0   0   0   0   1   3   0   0   0   0   0 100
Jakob_J       26 swe  1 10 18  7 30 100 820 230 820   0   0    0   0   0   0   0   0   0   0   0   0   0   0 100
N_Barella     20 ita  1  9 18  8 30 100 820 230 820   0   0    0   0   0   0   0   0   0   0   0   0   0   0 100
Marco_Medel   27 chi  1  7 18 10 30 100 820 100 820   0   0    0   0   0   0   0   0   0   0   0   0   0   0 100
Andrew_Crofts 32 wal  1 10 18  7 30 100 748  28 748   1   0   96   0   0   0   0   0   0   0   0   1   0   0 100
Konrad_Laimer 19 aut  1  7 18 10 30 100 818   2 836   2   0  188   1   0   0   0   2   6   0   1   1   0   0 100
Andrés_Tello  20 col  1 10 17  7 30 100 820 984 820   2   1  146   0   0   0   0   2   0   0   0   0   0   0 100
C_Gartner     22 aut  1 10 17  7 30 100 820 977 820   1   1   48   0   0   0   0   1   0   0   0   0   0   0 100
Teddy_Bishop  20 eng  1  8 17  9 30 100 820 977 821   1   0   95   0   0   0   0   1   1   0   0   0   0   0 100
W_Sneijder    32 ned  1  1 20 17 30 100 822 548 870   8   0  762   0   0   0   1  14  11   1   1   0   0   0 100
M_Arnautovic  27 aut  1  1 20 17 30 100 798 335 921  11   0 1044   1   0   0   0  11  16   3   1   1   0   0 100
Quincy_Promes 25 ned  1  1 20 18 30 100 820 295 974  13   4  985   0   0   0   0  22  23   3   3   0   0   0 100
J_Viera       27 esp  1  1 20 18 30 100 820 260 820   0   0    0   0   0   0   0   0   0   0   0   0   0   0 100
Taison        29 bra  1  1 20 17 30 100 820 260 820   0   0    0   0   0   0   0   0   0   0   0   0   0   0 100
Kaká          35 bra  1  1 20 18 30 100 820 260 820   0   0    0   0   0   0   0   0   0   0   0   0   0   0 100
Marlos        28 bra  1  1 20 17 30 100 820 260 820   0   0    0   0   0   0   0   0   0   0   0   0   0   0 100
Jeremain_Lens 29 ned  1  1 20 19 30 100 830 140  80  12   0 1096   2   0   0   1  26  36   6   3   1   0   0 100
F_Anderson    23 bra  1  1 20 18 30 100 820 122 822   1   0   96   0   0   0   0   6   2   0   0   0   0   0 100
Raúl_García   30 esp  1  1 20 18 30 100 820  80 820   0   0    0   0   0   0   0   0   0   0   0   0   0   0 100
E_Forsberg    25 swe  1  1 19 18 30 100 810 948 878  11   0  958   0   0   0   1  10  10   2   0   6   0   0 100
F_Belluschi   32 arg  1  1 19 18 30 100 820 900 820   0   0    0   0   0   0   0   0   0   0   0   0   0   0 100
K-P_Boateng   30 gha  1  1 19 17 30 100 820 900 820   0   0    0   0   0   0   0   0   0   0   0   0   0   0 100
Nico_Lodeiro  28 uru  1  1 19 16 30 100 808 727 829  12   0 1122   0   0   0   1  13  13   0   2   2   0   0 100
G_Martins     21 por  1  1 19 18 30 100 580 688 625   3   0  286   0   0   0   0   4   8   1   0   0   0   0 100
I_Afellay     31 ned  1  1 19 16 30 100 832 648 828   4   0  301   0   0   0   1   4   4   0   0   0   0   0 100
J_Valdivia    33 chi  1  1 19 16 30 100 820 641 893   5   1  426   0   0   0   0   3   7   2   0   0   0   0 100
Y_Gourcuff    30 fra  1  1 19 17 30 100 820 634 820   2   1   95   0   0   0   0   2   0   0   0   0   0   0 100
M_Lanzini     23 arg  1  1 19 16 30 100 820 620 820   0   0    0   0   0   0   0   0   0   0   0   0   0   0 100
J_Farfán      32 per  1  1 19 16 30 100 820 620 820   0   0    0   0   0   0   0   0   0   0   0   0   0   0 100
Vieirinha     31 por  1  1 19 17 30 100 820 620 820   0   0    0   0   0   0   0   0   0   0   0   0   0   0 100
G_Ramirez     26 uru  1  1 19 16 30 100 788 609 803   2   0  187   0   0   0   0   3   3   0   0   1   0   0 100
Blasczykowski 31 pol  1  1 19 17 30 100 796 607 962  13   0 1193   0   0   0   0  23  27   3   0   7   0   0 100
C_Sánchez     32 uru  1  1 19 17 30 100 808 513 847   6   0  501   0   0   0   0   5   6   1   1   6   0   0 100
Marco_Fabián  27 mex  1  1 19 17 30 100 820 484 820   2   0  168   0   0   0   0   2   0   0   0   0   0   0 100
C_Tello       25 esp  1  1 19 16 30 100 820 470 820   0   0    0   0   0   0   0   0   0   0   0   0   0   0 100
Pedro_León    30 esp  1  1 19 17 30 100 820 470 820   0   0    0   0   0   0   0   0   0   0   0   0   0   0 100
Takashi_Inui  29 jpn  1  1 19 16 30 100 820 470 820   0   0    0   0   0   0   0   0   0   0   0   0   0   0 100
Nacer_Chadli  27 bel  1  1 19 16 30 100 820 470 820   0   0    0   0   0   0   0   0   0   0   0   0   0   0 100
A_Halilovic   20 cro  1  1 19 17 30 100 810 412 869   7   1  569   0   0   0   0   6  10   1   3   0   0   0 100
V_Stocker     27 sui  1  1 19 16 30 100 820 334 863   6   1  477   0   0   0   0   2   6   1   0   0   0   0 100
J_Toornstra   28 ned  1  1 19 17 30 100 820 320 820   0   0    0   0   0   0   0   0   0   0   0   0   0   0 100
J_de_Guzmán   29 ned  1  1 19 17 30 100 820 320 820   0   0    0   0   0   0   0   0   0   0   0   0   0   0 100
Serge_Gnabry  21 ger  1  1 19 17 30 100 820 320 820   0   0    0   0   0   0   0   0   0   0   0   0   0   0 100
N_Müller      29 ger  1  1 19 17 30 100 820 320 820   0   0    0   0   0   0   0   0   0   0   0   0   0   0 100
Jay_Rodríguez 27 eng  1  1 19 17 30 100 820 320 820   0   0    0   0   0   0   0   0   0   0   0   0   0   0 100
A_Townsend    25 eng  1  1 19 17 30 100 820 320 820   0   0    0   0   0   0   0   0   0   0   0   0   0   0 100
Nadiem_Amiri  20 ger  1  1 19 16 30 100 820 320 820   0   0    0   0   0   0   0   0   0   0   0   0   0   0 100
T_Barnetta    31 sui  1  1 19 16 30 100 818 318 818   1   0   93   0   0   0   0   0   0   0   0   1   0   0 100
M_Torres      32 col  1  1 19 16 30 100 810 258 919  10   5  611   0   0   0   0  14  10   3   0   0   0   0 100
M_Sabitzer    23 aut  1  1 19 17 30 100 810 222 920   6   0  568   0   0   0   0   6  11   3   1   0   0   0 100
Javier_Aquino 27 mex  1  1 19 17 30 100 820 198 900   3   1  187   1   0   0   0   4   6   2   0   0   0   0 100
Adnan_Januzaj 22 bel  1  1 19 16 30 100 820 197 856   1   0   94   1   0   0   0   1   3   1   1   0   0   0 100
Édson_Puch    30 chi  1  1 19 17 30 100 818 196 865   3   0  286   0   0   0   0   4  10   1   0   1   0   0 100
J_Durmaz      28 swe  1  1 19 17 30 100 808 186 812   6   0  520   0   0   0   0   4   4   0   0   1   0   0 100
Carlos_Mané   23 por  1  1 19 16 30 100 820 184 830   2   0  187   0   0   0   0   2   2   0   0   0   0   0 100
Josué         26 por  1  1 19 16 30 100 820 170 820   0   0    0   0   0   0   0   0   0   0   0   0   0   0 100
L_Öztunali    21 ger  1  1 19 16 30 100 820 170 820   0   0    0   0   0   0   0   0   0   0   0   0   0   0 100
S_Sinclair    28 eng  1  1 19 17 30 100 820 170 820   0   0    0   0   0   0   0   0   0   0   0   0   0   0 100
Hans_Vanaken  24 bel  1  1 19 17 30 100 820 170 820   0   0    0   0   0   0   0   0   0   0   0   0   0   0 100
Fabio_Borini  27 ita  1  1 19 17 30 100 820 170 820   0   0    0   0   0   0   0   0   0   0   0   0   0   0 100
Diego_Laxalt  24 uru  1  1 19 17 30 100 810 167 810   2   0  108   0   0   0   0   1   0   0   0   5   0   0 100
B_Fernandes   22 por  1  1 19 17 30 100 580  80 580   0   0    0   0   0   0   0   0   0   0   0   0   0   0 100
Edenilson     27 bra  1  1 19 17 30 100 820  27 820   1   0   95   0   0   0   0   1   0   0   0   0   0   0 100
Ryan_Babel    30 ned  1  1 19 16 30 100 820  20 820   0   0    0   0   0   0   0   0   0   0   0   0   0   0 100
Dirk_Kuyt     36 ned  1  1 19 17 30 100 820  20 820   0   0    0   0   0   0   0   0   0   0   0   0   0   0 100
S_Downing     32 eng  1  1 19 17 30 100 820  20 820   0   0    0   0   0   0   0   0   0   0   0   0   0   0 100
N_Redmond     23 eng  1  1 19 17 30 100 820  20 820   0   0    0   0   0   0   0   0   0   0   0   0   0   0 100
Cris_Rguez    31 uru  1  1 19 17 30 100 820  20 820   0   0    0   0   0   0   0   0   0   0   0   0   0   0 100
Geoffrey_Bia  27 bel  1  1 19 16 30 100 820  20 820   0   0    0   0   0   0   0   0   0   0   0   0   0   0 100
R_Steffen     25 sui  1  1 19 17 30 100 820  20 825   2   0  177   0   0   0   0   0   1   0   0   0   0   0 100
Raphinha      20 bra  1  1 19 16 30 100 820  20 820   0   0    0   0   0   0   0   0   0   0   0   0   0   0 100
Paolo_Hurtado 26 per  1  1 19 17 30 100 820  20 820   0   0    0   0   0   0   0   0   0   0   0   0   0   0 100
Takashi_Usami 25 jpn  1  1 19 16 30 100 820  20 820   0   0    0   0   0   0   0   0   0   0   0   0   0   0 100
Hernâni       25 por  1  1 19 16 30 100 800   1 807   2   0  158   0   0   0   0   0   3   0   0   5   0   0 100
Robin_Quaison 23 swe  1  1 18 17 30 100 818 889 873   3   1  243   1   0   0   0   3   6   1   0   1   0   0 100
S_Zuber       25 sui  1  1 18 17 30 100 818 882 824   4   1  181   0   0   0   0   2   2   0   0   1   0   0 100
Adam_Maher    23 ned  1  1 18 16 30 100 820 870 820   0   0    0   0   0   0   0   0   0   0   0   0   0   0 100
Diego_Valdés  23 chi  1  1 18 17 30 100 820 870 820   0   0    0   0   0   0   0   0   0   0   0   0   0   0 100
B_Dejaegere   25 bel  1  1 18 17 30 100 820 870 820   0   0    0   0   0   0   0   0   0   0   0   0   0   0 100
Florian_Kainz 24 aut  1  1 18 17 30 100 820 870 820   0   0    0   0   0   0   0   0   0   0   0   0   0   0 100
Elías_Hdez    28 mex  1  1 18 16 30 100 820 870 820   2   2   53   0   0   0   0   0   0   0   0   0   0   0 100
Cengiz_Ünder  19 tur  1  1 18 17 30 100 820 870 820   0   0    0   0   0   0   0   0   0   0   0   0   0   0 100
Ante_Coric    20 cro  1  1 18 17 30 100 820 870 820   0   0    0   0   0   0   0   0   0   0   0   0   0   0 100
Ayoze_Pérez   23 esp  1  1 18 17 30 100 820 870 820   0   0    0   0   0   0   0   0   0   0   0   0   0   0 100
Pawel_Wszolek 24 pol  1  1 18 16 30 100 820 661 858   3   0  281   1   0   0   0   3   5   1   1   0   0   0 100
C_Mayada      26 uru  1  1 18 16 30 100 818 659 818   2   0  189   0   0   0   0   3   0   0   1   1   0   0 100
V_Claesson    25 swe  1  1 18 16 30 100 810 652 815   2   0  163   0   0   0   0   6   1   0   0   5   0   0 100
D_Biseswar    29 ned  1  1 18 15 30 100 820 647 869   2   0  186   1   0   0   0   1   8   1   1   0   0   0 100
Mark_González 32 chi  1  1 18 15 30 100 820 634 825   2   0  185   0   0   0   0   2   1   0   0   0   0   0 100
J_Williams    23 wal  1  1 18 16 30 100 768 633 803   8   0  704   0   0   0   1  11   6   1   0   2   0   0 100
Camilo_Zúñiga 31 col  1  1 18 16 30 100 832 627 855   5   3  253   0   0   0   1   1   2   1   0   0   0   0 100
B_Alemán      27 uru  1  1 18 16 30 100 820 620 820   0   0    0   0   0   0   0   0   0   0   0   0   0   0 100
Louis_Schaub  22 aut  1  1 18 15 30 100 820 620 820   0   0    0   0   0   0   0   0   0   0   0   0   0   0 100
G_Haucher     29 arg  1  1 18 16 30 100 820 620 820   0   0    0   0   0   0   0   0   0   0   0   0   0   0 100
F_Chiesa      19 ita  1  1 18 16 30 100 820 620 820   0   0    0   0   0   0   0   0   0   0   0   0   0   0 100
C_Cueva       25 per  1  1 18 15 30 100 820 620 820   0   0    0   0   0   0   0   0   0   0   0   0   0   0 100
J_A_Albín     30 uru  1  1 18 16 30 100 820 620 865   1   0   94   1   0   0   0   0   4   1   0   0   0   0 100
M_Molina      36 col  1  1 18 15 30 100 820 531 821   3   2  169   0   0   0   0   3   1   0   1   0   0   0 100
M_Benítez     22 arg  1  1 18 16 30 100 820 504 820   1   0   93   0   0   0   0   2   0   0   0   0   0   0 100
Lucas_Lima    26 bra  1  1 18 16 30 100 820 497 820   1   0   96   0   0   0   0   1   0   0   0   0   0   0 100
M_Susaeta     29 esp  1  1 18 15 30 100 820 490 820   0   0    0   0   0   0   0   0   0   0   0   0   0   0 100
Mijo_Caktas   24 cro  1  1 18 16 30 100 820 490 820   0   0    0   0   0   0   0   0   0   0   0   0   0   0 100
M_Gregoritsch 22 aut  1  1 18 16 30 100 820 490 820   0   0    0   0   0   0   0   0   0   0   0   0   0   0 100
M_Liendl      31 aut  1  1 18 15 30 100 820 490 820   0   0    0   0   0   0   0   0   0   0   0   0   0   0 100
Karim_Onisiwo 25 aut  1  1 18 15 30 100 820 490 820   0   0    0   0   0   0   0   0   0   0   0   0   0   0 100
C_Bermúdez    29 mex  1  1 18 16 30 100 820 490 820   0   0    0   0   0   0   0   0   0   0   0   0   0   0 100
N_Calderón    28 mex  1  1 18 15 30 100 820 490 820   0   0    0   0   0   0   0   0   0   0   0   0   0   0 100
Somália       28 bra  1  1 18 16 30 100 820 490 821   1   0   96   0   0   0   0   0   1   0   0   0   0   0 100
Tom_Lawrence  23 wal  1  1 18 15 30 100 760 479 771   6   1  418   0   0   0   0   7   3   0   0   0   0   0 100
Bryan_Rabello 22 chi  1  1 18 16 30 100 818 380 893   5   1  390   1   0   0   0   3   9   2   0   1   0   0 100
Massimo_Bruno 23 bel  1  1 18 15 30 100 820 361 820   0   0    0   0   0   0   0   0   0   0   0   0   0   0 100
P_Roberts     20 eng  1  1 18 16 30 100 820 361 820   0   0    0   0   0   0   0   0   0   0   0   0   0   0 100
Leo_Suárez    21 arg  1  1 18 15 30 100 820 361 820   0   0    0   0   0   0   0   0   0   0   0   0   0   0 100
D_Cotterill   29 wal  1  1 18 15 30 100 760 321 760   3   2  198   0   0   0   0   3   0   0   0   0   0   0 100
David_Edwards 31 wal  1  1 18 16 30 100 760 314 805   5   2  317   0   0   0   0   2   4   1   0   0   0   0 100
Simon_Hedlund 24 swe  1  1 18 16 30 100 820 264 832   2   0  191   0   0   0   0   2   4   0   1   0   0   0 100
M_Kucharczyk  26 pol  1  1 18 16 30 100 820 251 830   2   0  187   0   0   0   0   3   2   0   0   0   0   0 100
Franz_Schultz 25 chi  1  1 18 16 30 100 820 237 821   1   1   28   0   0   0   0   1   1   0   0   0   0   0 100
F_Meneses     31 chi  1  1 18 16 30 100 818 235 882   3   0  279   0   0   0   0   1   6   2   0   1   0   0 100
Danilo_S      27 bel  1  1 18 15 30 100 820 230 820   0   0    0   0   0   0   0   0   0   0   0   0   0   0 100
Nill_De_Pauw  27 bel  1  1 18 16 30 100 820 230 820   0   0    0   0   0   0   0   0   0   0   0   0   0   0 100
Jorge_Zárate  25 mex  1  1 18 16 30 100 820 230 820   0   0    0   0   0   0   0   0   0   0   0   0   0   0 100
C_Giménez     36 mex  1  1 18 15 30 100 820 230 820   0   0    0   0   0   0   0   0   0   0   0   0   0   0 100
D_Villalpando 25 mex  1  1 18 15 30 100 820 230 820   0   0    0   0   0   0   0   0   0   0   0   0   0   0 100
Edimilson_F   20 sui  1  1 18 16 30 100 820 230 820   0   0    0   0   0   0   0   0   0   0   0   0   0   0 100
Ludovic_Blas  19 fra  1  1 18 16 30 100 820 230 820   0   0    0   0   0   0   0   0   0   0   0   0   0   0 100
Nikola_Vlasic 19 cro  1  1 18 15 30 100 820 230 820   0   0    0   0   0   0   0   0   0   0   0   0   0   0 100
Oliver_Burke  20 sco  1  1 18 16 30 100 820 230 820   0   0    0   0   0   0   0   0   0   0   0   0   0   0 100
Reimond_Manco 26 per  1  1 18 16 30 100 820 230 820   0   0    0   0   0   0   0   0   0   0   0   0   0   0 100
L_Obraniak    32 pol  1  1 18 15 30 100 810 227 810   2   0  137   0   0   0   0   1   0   0   0   0   0   0 100
Andrija_Balic 19 cro  1  1 18 16 30 100 816 146 854   6   2  426   0   0   0   0   7  14   0   0   2   0   0 100
João_Teixeira 24 por  1  1 18 16 30 100 820 107 856   2   0  188   0   0   0   0   1   3   1   0   0   0   0 100
Isaac_Mbenza  21 bel  1  1 18 15 30 100 820 100 820   0   0    0   0   0   0   0   0   0   0   0   0   0   0 100
Lucas_Rguez   20 arg  1  1 18 15 30 100 820 100 820   0   0    0   0   0   0   0   0   0   0   0   0   0   0 100
E_Barco       18 arg  1  1 18 15 30 100 820 100 820   0   0    0   0   0   0   0   0   0   0   0   0   0   0 100
Andy_Polo     22 per  1  1 18 15 30 100 820 100 820   0   0    0   0   0   0   0   0   0   0   0   0   0   0 100
E_Buendía     19 arg  1  1 17 15 30 100 820 977 820   1   0   94   0   0   0   0   1   0   0   0   0   0   0 100
C_Falletti    24 uru  1  1 17 16 30 100 820 977 821   1   0   94   0   0   0   0   1   1   0   0   0   0   0 100
Tomás_Andrade 19 arg  1  1 17 15 30 100 820 970 820   1   0   23   0   0   0   0   0   0   0   0   0   0   0 100
Enzo_Fdez     22 fra  1  1 17 15 30 100 820 970 820   0   0    0   0   0   0   0   0   0   0   0   0   0   0 100
Carlos_Fierro 22 mex  1  1 17 16 30 100 820 970 820   2   1  116   0   0   0   0   0   0   0   0   0   0   0 100
J_Fredy_Pajoy 28 col  1  1 17 16 30 100 820 970 820   1   0   67   0   0   0   0   0   0   0   0   0   0   0 100
R_Aponzá      27 col  1  1 17 15 30 100 820 970 820   1   1   26   0   0   0   0   0   0   0   0   0   0   0 100
L_Isgrove     24 wal  1  1 17 15 30 100 820 861 821   1   0   96   0   0   0   0   3   1   0   0   0   0   0 100
Marin_Tomasov 29 cro  1  1 17 16 30 100 820 847 820   2   0  192   0   0   0   0   1   0   0   0   0   0   0 100
C_Benavente   23 per  1  1 17 14 30 100 820 511 820   0   0    0   0   0   0   0   0   0   0   0   0   0   0 100
Édison_Flores 23 per  1  1 17 14 30 100 820 181 820   0   0    0   0   0   0   0   0   0   0   0   0   0   0 100
Fabian_Benko  18 cro  1  1 17 14 30 100 820  70 820   0   0    0   0   0   0   0   0   0   0   0   0   0   0 100
Alan_Acosta   20 mex  1  1 16 14 30 100 820 960 820   0   0    0   0   0   0   0   0   0   0   0   0   0   0 100
Aduriz        36 esp  1  1  1 20 30 100 820 820 620   0   0    0   0   0   0   0   0   0   0   0   0   0   0 100
Iago_Aspas    29 esp  1  1 12 20 30 100 828 865 611   8   2  615   2   0   0   1   7  23   4   0   2   0   0 100
Mario_Gómez   31 ger  1  1  1 20 30 100 816 816 500  12   4  834   1   0   0   0   0  24   6   0   2   0   0 100
A_Modeste     28 fra  1  1  1 20 30 100 832 820 470   1   1   34   0   0   0   1   0   1   1   0   0   0   0 100
S_Giovinco    30 ita  1  1  1 20 30 100 820 820 440   0   0    0   0   0   0   0   0   0   0   0   0   0   0 100
Quaresma      32 por  1  1 18 20 30 100 620 655 402   9   1  809   1   0   0   0   5  27   3   0   0   0   0 100
L_Podolski    31 ger  1  1  1 20 30 100 820 827 302   8   0  733   1   0   0   0   1  33   5   0   0   0   0 100
Raffael       32 bra  1  1  1 20 30 100 820 820 265   2   2   63   0   0   0   0   0   1   0   0   0   0   0 100
Carlos_Tévez  33 arg  1  1 11 20 30 100 820 820 260   1   1   10   0   0   0   0   0   0   0   0   0   0   0 100
Jermain_Defoe 34 eng  1  1  1 20 30 100 832 820 200  11   7  492   1   0   0   1   0  13   3   0   0   0   0 100
Bas_Dost      27 ned  1  1  1 20 30 100 816 823 166  13   6  839   0   0   0   0   1  16   2   0   2   0   0 100
N_Kalinic     29 cro  1  1  1 20 30 100 806 806 154   8   1  675   0   0   0   0   0  14   2   0   2   0   0 100
C_Benteke     26 bel  1  1  1 20 30 100 808 815 125  10   2  631   0   0   0   0   1  12   1   0   6   0   0 100
Bojan_Krkic   26 esp  1  1  1 20 30 100 820 820  80   0   0    0   0   0   0   0   0   0   0   0   0   0   0 100
Á_Negredo     31 esp  1  1  1 20 30 100 820 820  80   0   0    0   0   0   0   0   0   0   0   0   0   0   0 100
Rubén_Castro  35 esp  1  1  1 20 30 100 820 820  80   0   0    0   0   0   0   0   0   0   0   0   0   0   0 100
Lars_Stindl   28 ger  1  1  1 20 30 100 820 820  80   0   0    0   0   0   0   0   0   0   0   0   0   0   0 100
A-P_Gignac    31 fra  1  1  1 20 30 100 820 820  80   0   0    0   0   0   0   0   0   0   0   0   0   0   0 100
R_van_Persie  33 ned  1  1  1 20 30 100 834 810  10   9   1  638   0   0   0   2   0  22   2   0   0   0   0 100
Danny         33 por  1  1 18 19 30 100 640 688 915   2   0  187   0   0   0   0   4   3   0   1   0   0   0 100
Paul-G_Ntep   24 fra  1  1 18 19 30 100 820 820 900   0   0    0   0   0   0   0   0   0   0   0   0   0   0 100
Iago_Falqué   27 esp  1  1 17 19 30 100 820 820 900   0   0    0   0   0   0   0   0   0   0   0   0   0   0 100
Max_Kruse     29 ger  1  1  1 19 30 100 820 820 900   0   0    0   0   0   0   0   0   0   0   0   0   0   0 100
Bruma         22 por  1  1 18 19 30 100 670 670 765   1   0   45   0   0   0   0   0   3   0   0   0   0   0 100
Marcus_Berg   30 swe  1  1  1 19 30 100 800 800 736  14   4  908   0   0   0   0   0  17   3   0   0   0   0 100
A_Kramaric    25 cro  1  1  1 19 30 100 832 820 694  11   1  902   2   0   0   1   0  26   5   0   0   0   0 100
Willian_José  25 bra  1  1  1 19 30 100 802 790 637   1   0   95   0   0   0   1   0   6   1   0   0   0   0 100
Jesé          24 esp  1  1 16 19 30 100 820 820 620   0   0    0   0   0   0   0   0   0   0   0   0   0   0 100
F_Llorente    32 esp  1  1  1 19 30 100 820 820 620   0   0    0   0   0   0   0   0   0   0   0   0   0   0 100
G_Rossi       30 ita  1  1  1 19 30 100 820 820 620   0   0    0   0   0   0   0   0   0   0   0   0   0   0 100
Jonathas      28 bra  1  1  1 19 30 100 820 820 620   0   0    0   0   0   0   0   0   0   0   0   0   0   0 100
Lisandro_Lpez 33 arg  1  1  1 19 30 100 820 820 620   0   0    0   0   0   0   0   0   0   0   0   0   0   0 100
M_Antonio     27 eng  1  1 17 19 30 100 820 820 620   0   0    0   0   0   0   0   0   0   0   0   0   0   0 100
P_Guerrero    33 per  1  1  1 19 30 100 820 820 620   0   0    0   0   0   0   0   0   0   0   0   0   0   0 100
A_Pato        27 bra  1  1  1 19 30 100 820 820 620   0   0    0   0   0   0   0   0   0   0   0   0   0   0 100
Duván_Zapata  26 col  1  1  1 19 30 100 820 820 578   7   5  306   0   0   0   0   0   9   3   0   0   0   0 100
K-J_Huntelaar 33 ned  1  1  1 19 30 100 426 453 570  21   2 1740   2   0   0   0   1  46   7   1   7   0   0 100
L_Teodorczyk  25 pol  1  1  1 19 30 100 818 818 474   4   2  234   0   0   0   0   0   2   0   0   1   0   0 100
Joãozinho     28 bra  1  1 17 19 30 100 832 834 471   1   0   96   0   0   0   1   2   1   0   0   0   0   0 100
M'Baye_Niang  22 fra  1  1  1 19 30 100 820 820 470   0   0    0   0   0   0   0   0   0   0   0   0   0   0 100
Iker_Muniain  24 esp  1  1 17 19 30 100 820 820 470   0   0    0   0   0   0   0   0   0   0   0   0   0   0 100
Borja_Bastón  24 esp  1  1  1 19 30 100 820 820 470   0   0    0   0   0   0   0   0   0   0   0   0   0   0 100
Malcom        20 bra  1  1 16 19 30 100 820 820 470   0   0    0   0   0   0   0   0   0   0   0   0   0   0 100
Luiz_Adriano  29 bra  1  1  1 19 30 100 820 820 470   0   0    0   0   0   0   0   0   0   0   0   0   0   0 100
Dorlan_Pabón  29 col  1  1 17 19 30 100 820 820 470   0   0    0   0   0   0   0   0   0   0   0   0   0   0 100
Fredy_Montero 29 col  1  1  1 19 30 100 820 820 470   0   0    0   0   0   0   0   0   0   0   0   0   0   0 100
Adrián_Ramos  31 col  1  1  1 19 30 100 820 820 470   0   0    0   0   0   0   0   0   0   0   0   0   0   0 100
T_Gutiérrez   31 col  1  1  1 19 30 100 820 820 470   0   0    0   0   0   0   0   0   0   0   0   0   0   0 100
Lucas_Alario  23 arg  1  1  1 19 30 100 820 820 470   0   0    0   0   0   0   0   0   0   0   0   0   0   0 100
C_Austin      27 eng  1  1  1 19 30 100 820 820 470   0   0    0   0   0   0   0   0   0   0   0   0   0   0 100
Troy_Deeney   28 eng  1  1  1 19 30 100 820 820 470   0   0    0   0   0   0   0   0   0   0   0   0   0   0 100
Andy_Carroll  28 eng  1  1  1 19 30 100 820 820 470   0   0    0   0   0   0   0   0   0   0   0   0   0   0 100
Theo_Bongonda 21 bel  1  1 16 19 30 100 820 820 470   0   0    0   0   0   0   0   0   0   0   0   0   0   0 100
Robinho       33 bra  1  1 17 19 30 100 820 820 470   0   0    0   0   0   0   0   0   0   0   0   0   0   0 100
J_Guidetti    24 swe  1  1  1 19 30 100 798 798 455  10   5  490   0   0   0   0   0   3   0   0   6   0   0 100
Luis_Muriel   25 col  1  1  1 19 30 100 830 825 399   6   1  452   0   0   0   1   1  14   2   0   1   0   0 100
K_Grosicki    28 pol  1  1 16 19 30 100 808 836 390   5   0  428   0   0   0   0   4  12   2   0   1   0   0 100
Matin_Harnik  29 aut  1  1  1 19 30 100 810 798 339  15   0 1163   2   0   0   1   0  20   4   0   1   0   0 100
Diego_Rolán   24 uru  1  1  1 19 30 100 820 820 331   6   2  346   0   0   0   0   0   7   0   0   0   0   0 100
Eljero_Elia   30 ned  1  1 16 19 30 100 820 820 320   0   0    0   0   0   0   0   0   0   0   0   0   0   0 100
L_Pavoletti   28 ita  1  1  1 19 30 100 820 820 320   0   0    0   0   0   0   0   0   0   0   0   0   0   0 100
Felipe_Pardo  26 col  1  1 17 19 30 100 820 820 320   0   0    0   0   0   0   0   0   0   0   0   0   0   0 100
Dayro_Moreno  31 col  1  1  1 19 30 100 820 820 320   0   0    0   0   0   0   0   0   0   0   0   0   0   0 100
C_Pizarro     38 per  1  1  1 19 30 100 820 820 320   0   0    0   0   0   0   0   0   0   0   0   0   0   0 100
Éder_Lopes    29 por  1  1  1 19 30 100 810 810 320   3   0  235   0   0   0   0   0   6   0   0   0   0   0 100
Choupo-Moting 28 cmr  1  1 16 19 30 100 446 502 320  14   0 1169   1   0   0   0   8  34   5   0   2   0   0 100
Josip_Drmic   24 sui  1  1  1 19 30 100 816 816 266  15   7  919   1   0   0   0   0  13   2   0   2   0   0 100
Derdiyok      28 sui  1  1  1 19 30 100 780 780 213  10   3  492   0   0   0   0   0  13   2   0  15   0   0 100
M_Larrondo    28 chi  1  1  1 19 30 100 820 808 201   5   2  268   0   0   0   1   0   6   1   0   1   0   0 100
Chory_Castro  32 uru  1  1 17 19 30 100 810 810 178   5   5  144   0   0   0   0   0   6   0   0   0   0   0 100
L_Narsingh    26 ned  1  1 16 19 30 100 820 820 170   0   0    0   0   0   0   0   0   0   0   0   0   0   0 100
S_Berghuis    25 ned  1  1 16 19 30 100 820 820 170   0   0    0   0   0   0   0   0   0   0   0   0   0   0 100
Adrián_López  29 esp  1  1  1 19 30 100 820 820 170   0   0    0   0   0   0   0   0   0   0   0   0   0   0 100
M_Philipp     23 ger  1  1  1 19 30 100 820 820 170   0   0    0   0   0   0   0   0   0   0   0   0   0   0 100
Simone_Verdi  24 ita  1  1 17 19 30 100 820 820 170   0   0    0   0   0   0   0   0   0   0   0   0   0   0 100
M_Politano    23 ita  1  1 17 19 30 100 820 820 170   0   0    0   0   0   0   0   0   0   0   0   0   0   0 100
J_Calleri     22 arg  1  1  1 19 30 100 820 820 170   0   0    0   0   0   0   0   0   0   0   0   0   0   0 100
Silvio_Romero 27 arg  1  1  1 19 30 100 820 820 170   0   0    0   0   0   0   0   0   0   0   0   0   0   0 100
S_Berahino    23 eng  1  1  1 19 30 100 820 820 170   0   0    0   0   0   0   0   0   0   0   0   0   0   0 100
M_Lestienne   24 bel  1  1 17 19 30 100 820 820 170   0   0    0   0   0   0   0   0   0   0   0   0   0   0 100
Jelle_Vossen  28 bel  1  1  1 19 30 100 820 820 170   0   0    0   0   0   0   0   0   0   0   0   0   0   0 100
Oribe_Peralta 33 mex  1  1  1 19 30 100 820 820 170   0   0    0   0   0   0   0   0   0   0   0   0   0   0 100
B_Traoré      21 bfa  1  1 16 19 30 100 820 820 170   0   0    0   0   0   0   0   0   0   0   0   0   0   0 100
Mattia_Destro 26 ita  1  1  1 19 30 100 820 820 170   0   0    0   0   0   0   0   0   0   0   0   0   0   0 100
E_Paredes     36 chi  1  1  1 19 30 100 818 825 170   4   4  122   0   0   0   0   1   2   0   0   1   0   0 100
Marc_Janko    33 aut  1  1  1 19 30 100 786 793 155  15   7  864   0   0   0   0   1  20   4   0   7   0   0 100
E_Vargas      27 chi  1  1 16 19 30 100 818 880 132   5   0  480   1   0   0   0   6  11   3   1   1   0   0 100
Sam_Larsson   23 swe  1  1 16 19 30 100 830 839  69   7   5  344   1   0   0   1   3   9   1   0   1   0   0 100
Rui_Fonte     26 por  1  1  1 19 30 100 820 820  62   2   1  126   0   0   0   0   0   5   1   0   0   0   0 100
Vitinho       23 bra  1  1  1 19 30 100 820 820  27   3   0  185   0   0   0   0   0   3   0   0   0   0   0 100
R_Kishna      22 ned  1  1 16 19 30 100 820 820  20   0   0    0   0   0   0   0   0   0   0   0   0   0   0 100
Juanmi        23 esp  1  1  1 19 30 100 820 820  20   0   0    0   0   0   0   0   0   0   0   0   0   0   0 100
A_Gilardino   33 ita  1  1  1 19 30 100 820 820  20   0   0    0   0   0   0   0   0   0   0   0   0   0   0 100
Duje_Cop      27 cro  1  1  1 19 30 100 820 820  20   0   0    0   0   0   0   0   0   0   0   0   0   0   0 100
Marko_Livaja  23 cro  1  1  1 19 30 100 820 820  20   0   0    0   0   0   0   0   0   0   0   0   0   0   0 100
Víctor_Ibarbo 26 col  1  1 17 19 30 100 820 820  20   0   0    0   0   0   0   0   0   0   0   0   0   0   0 100
H_Rodallega   31 col  1  1  1 19 30 100 820 820  20   0   0    0   0   0   0   0   0   0   0   0   0   0   0 100
F_Ferreyra    25 arg  1  1  1 19 30 100 820 820  20   0   0    0   0   0   0   0   0   0   0   0   0   0   0 100
Rodri_Mora    29 uru  1  1  1 19 30 100 820 820  20   0   0    0   0   0   0   0   0   0   0   0   0   0   0 100
Abel_Hnandez  26 uru  1  1  1 19 30 100 820 820  20   0   0    0   0   0   0   0   0   0   0   0   0   0   0 100
L_Depoitre    28 bel  1  1  1 19 30 100 820 820  20   0   0    0   0   0   0   0   0   0   0   0   0   0   0 100
M_Cauteruccio 29 uru  1  1  1 19 30 100 820 820  20   1   1   31   0   0   0   0   0   0   0   0   0   0   0 100
M_Pinilla     33 chi  1  1  1 19 30 100 820 820  20   0   0    0   0   0   0   0   0   0   0   0   0   0   0 100
H_Onyekuru    20 nga  1  1 17 19 30 100 820 820  20   0   0    0   0   0   0   0   0   0   0   0   0   0   0 100
A_Mitrovic    22 srb  1  1  1 19 30 100 820 820  20   0   0    0   0   0   0   0   0   0   0   0   0   0   0 100
Y_Muto        24 jpn  1  1 17 19 30 100 820 820  20   0   0    0   0   0   0   0   0   0   0   0   0   0   0 100
R_Laborde     29 col  1  1 17 18 30 100 818 818 938   3   0  286   1   0   0   0   0   3   2   0   1   0   0 100
Alan_Pulido   26 mex  1  1  1 18 30 100 820 820 900   1   0   92   0   0   0   0   0   0   1   0   0   0   0 100
F_Uribe       29 col  1  1  1 18 30 100 818 818 876   5   1  307   0   0   0   0   0   4   0   0   1   0   0 100
I_Cavaleiro   23 por  1  1 17 18 30 100 820 827 871   1   0   94   0   0   0   0   1   1   0   0   0   0   0 100
A_El_Ghazi    21 ned  1  1 16 18 30 100 820 820 870   0   0    0   0   0   0   0   0   0   0   0   0   0   0 100
Sabin_Merino  25 esp  1  1 16 18 30 100 820 820 870   0   0    0   0   0   0   0   0   0   0   0   0   0   0 100
Ola_Toivonen  30 swe  1  1  1 18 30 100 820 820 870   0   0    0   0   0   0   0   0   0   0   0   0   0   0 100
C_Stuani      30 uru  1  1  1 18 30 100 820 820 870   0   0    0   0   0   0   0   0   0   0   0   0   0   0 100
Mariano_Díaz  23 dom  1  1  1 18 30 100 820 820 870   0   0    0   0   0   0   0   0   0   0   0   0   0   0 100
J_Fernándes   28 chi  1  1 16 18 30 100 820 820 870   0   0    0   0   0   0   0   0   0   0   0   0   0   0 100
Seferovic     25 sui  1  1  1 18 30 100 820 820 870   0   0    0   0   0   0   0   0   0   0   0   0   0   0 100
G_Burgstaller 27 aut  1  1  1 18 30 100 438 438 862  20  11 1059   0   0   0   0   0  17   1   0   1   0   0 100
F_Di_Santo    27 arg  1  1  1 18 30 100 472 460 855   5   2  327   0   0   0   1   0   8   1   0   0   0   0 100
G_Carrillo    25 arg  1  1  1 18 30 100 698 758 846   8   7  315   0   0   0   0   0   5   1   0   1   0   0 100
Sam_Vokes     27 wal  1  1  1 18 30 100 758 765 676  10   0  855   0   0   0   0   1  29   1   0   1   0   0 100
C_D_Quintero  29 col  1  1  1 18 30 100 820 820 662   6   3  359   0   0   0   0   0   4   1   0   0   0   0 100
Santi_García  26 uru  1  1  1 18 30 100 820 820 655   1   0   61   0   0   0   0   0   1   1   0   0   0   0 100
Paulinho_S    31 bra  1  1  1 18 30 100 818 818 636   6   2  382   0   0   0   0   0   6   0   0   1   0   0 100
Germán_Denis  34 arg  1  1  1 18 30 100 820 827 631   2   0  164   0   0   0   0   1   3   0   0   0   0   0 100
Borja_Mayoral 19 esp  1  1  1 18 30 100 820 820 620   0   0    0   0   0   0   0   0   0   0   0   0   0   0 100
A_Petagna     21 ita  1  1  1 18 30 100 820 820 620   0   0    0   0   0   0   0   0   0   0   0   0   0   0 100
Ivan_Santini  27 cro  1  1  1 18 30 100 820 820 620   0   0    0   0   0   0   0   0   0   0   0   0   0   0 100
M_Rosenberg   34 swe  1  1  1 18 30 100 820 820 620   0   0    0   0   0   0   0   0   0   0   0   0   0   0 100
Alex_Gerndt   30 swe  1  1  1 18 30 100 820 820 620   0   0    0   0   0   0   0   0   0   0   0   0   0   0 100
A_Limbombe    22 bel  1  1 16 18 30 100 820 820 620   0   0    0   0   0   0   0   0   0   0   0   0   0   0 100
M_Dembélé     20 fra  1  1  1 18 30 100 820 820 620   0   0    0   0   0   0   0   0   0   0   0   0   0   0 100
Raúl_Ruidíaz  26 per  1  1  1 18 30 100 820 820 620   0   0    0   0   0   0   0   0   0   0   0   0   0   0 100
L_Hinterseer  26 aut  1  1  1 18 30 100 830 818 619   3   3   97   0   0   0   1   0   1   0   0   1   0   0 100
Stipe_Perica  21 cro  1  1  1 18 30 100 818 818 618   2   0  192   0   0   0   0   0   0   0   0   1   0   0 100
Ashley_Barnes 27 aut  1  1  1 18 30 100 818 818 523   2   0  138   0   0   0   0   0   2   1   0   1   0   0 100
Robert_Zulj   25 aut  1  1  1 18 30 100 820 820 521   2   1  140   0   0   0   0   0   7   0   0   0   0   0 100
E_Ponce       19 arg  1  1 11 18 30 100 820 820 495   2   2   34   0   0   0   0   0   1   0   0   0   0   0 100
P_Hosiner     27 aut  1  1  1 18 30 100 820 820 495   1   0   93   0   0   0   0   0   1   0   0   0   0   0 100
Artur_Sobiech 26 pol  1  1  1 18 30 100 808 808 491   4   2  222   0   0   0   0   0   5   0   0   1   0   0 100
S_Armenteros  26 swe  1  1  1 18 30 100 820 820 490   0   0    0   0   0   0   0   0   0   0   0   0   0   0 100
S_Schrijvers  20 bel  1  1  1 18 30 100 820 820 490   0   0    0   0   0   0   0   0   0   0   0   0   0   0 100
L_Fernández   25 arg  1  1  1 18 30 100 820 820 490   0   0    0   0   0   0   0   0   0   0   0   0   0   0 100
Adam_Ounas    20 alg  1  1 15 18 30 100 820 820 490   0   0    0   0   0   0   0   0   0   0   0   0   0   0 100
M_Santos      24 uru  1  1  1 18 30 100 820 820 490   1   1   33   0   0   0   0   0   0   0   0   0   0   0 100
Jonathan_R    23 uru  1  1  1 18 30 100 820 820 490   0   0    0   0   0   0   0   0   0   0   0   0   0   0 100
B_Hrgota      24 swe  1  1  1 18 30 100 810 810 481   1   0   95   0   0   0   0   0   0   0   0   0   0   0 100
Jordon_Ibe    21 eng  1  1 15 18 30 100 820 820 401   1   0   96   0   0   0   0   0   4   1   0   0   0   0 100
S_Khelifi     23 sui  1  1 16 18 30 100 820 820 367   2   0  140   0   0   0   0   0   3   0   0   0   0   0 100
E_Herrera     28 mex  1  1  1 18 30 100 820 820 361   0   0    0   0   0   0   0   0   0   0   0   0   0   0 100
M_Stepinski   21 pol  1  1  1 18 30 100 832 820 361   2   1  140   0   0   0   1   0   0   0   0   0   0   0 100
C_Nyman       24 swe  1  1  1 18 30 100 820 820 235   2   1  123   0   0   0   0   0   5   0   0   0   0   0 100
A_Weimann     25 aut  1  1 16 18 30 100 820 820 231   1   0   93   0   0   0   0   0   1   0   0   0   0   0 100
V_Prodell     29 swe  1  1  1 18 30 100 820 820 230   0   0    0   0   0   0   0   0   0   0   0   0   0   0 100
Á_Zaldívar    23 mex  1  1  1 18 30 100 820 820 230   0   0    0   0   0   0   0   0   0   0   0   0   0   0 100
Ante_Budimir  25 cro  1  1  1 18 30 100 820 820 230   0   0    0   0   0   0   0   0   0   0   0   0   0   0 100
Ante_Rebic    23 cro  1  1 15 18 30 100 820 820 230   0   0    0   0   0   0   0   0   0   0   0   0   0   0 100
Daniele_Verde 20 ita  1  1 15 18 30 100 820 820 230   0   0    0   0   0   0   0   0   0   0   0   0   0   0 100
James_Wilson  21 eng  1  1  1 18 30 100 832 820 167   4   1  301   0   0   0   1   0   5   2   0   0   0   0 100
David_Neres   20 bra  1  1 15 18 30 100 460 481 136   3   2  198   0   0   0   0   3   2   0   0   0   0   0 100
L_Nany_Dimata 19 bel  1  1  1 18 30 100 820 820 100   0   0    0   0   0   0   0   0   0   0   0   0   0   0 100
Obbi_Oulare   21 bel  1  1  1 18 30 100 820 820 100   0   0    0   0   0   0   0   0   0   0   0   0   0   0 100
Ismaïla_Sarr  19 sen  1  1 16 18 30 100 820 820 100   0   0    0   0   0   0   0   0   0   0   0   0   0   0 100
F_Avenatti    23 uru  1  1  1 18 30 100 820 820 100   0   0    0   0   0   0   0   0   0   0   0   0   0   0 100
Ched_Evans    28 wal  1  1  1 18 30 100 760 755  65  10   3  615   0   0   0   1   1   4   1   0   1   0   0 100
Yaya_Sanogo   24 fra  1  1  1 18 30 100 700 760  40   0   0    0   0   0   0   0   0   0   0   0   0   0   0 100
Tom_Bradshaw  24 wal  1  1  1 17 30 100 830 825 989   7   4  384   0   0   0   1   1   9   0   0   1   0   0 100
Roman_Buess   24 sui  1  1  1 17 30 100 820 820 975   2   2   79   0   0   0   0   0   1   0   0   0   0   0 100
A_Armstrong   20 eng  1  1  1 17 30 100 820 820 975   1   0   95   0   0   0   0   0   1   0   0   0   0   0 100
Michael_Frey  22 sui  1  1  1 17 30 100 820 820 970   0   0    0   0   0   0   0   0   0   0   0   0   0   0 100
Aitor         21 esp  1  1 15 17 30 100 820 820 970   0   0    0   0   0   0   0   0   0   0   0   0   0   0 100
Dudu          25 bra  1  1 15 17 30 100 820 820 970   1   0   96   0   0   0   0   0   0   0   0   0   0   0 100
Loris_Brogno  24 bel  1  1 16 17 30 100 820 820 840   0   0    0   0   0   0   0   0   0   0   0   0   0   0 100
Albian_Ajeti  20 sui  1  1  1 17 30 100 820 820 840   0   0    0   0   0   0   0   0   0   0   0   0   0   0 100
R_Orsolini    20 ita  1  1 16 17 30 100 820 820 840   0   0    0   0   0   0   0   0   0   0   0   0   0   0 100
Iván_Bulos    24 per  1  1  1 17 30 100 820 820 840   0   0    0   0   0   0   0   0   0   0   0   0   0   0 100
Steve_Morison 33 wal  1  1  1 17 30 100 788 795 823   3   1  211   0   0   0   0   1   3   0   0   1   0   0 100
H_Robson-Kanu 27 wal  1  1 15 17 30 100 770 813 792   5   1  392   0   0   0   1   5   6   0   1   1   0   0 100
M_Cassierra   19 col  1  1  1 17 30 100 438 438 659   5   2  331   0   0   0   0   0   5   2   0   1   0   0 100
Pelle_Clement 20 ned  1  1 14 17 30 100 820 834 515   2   0  186   0   0   0   0   2   1   0   0   0   0   0 100
Yordy_Reyna   23 per  1  1 14 17 30 100 820 820 511   0   0    0   0   0   0   0   0   0   0   0   0   0   0 100
A_Culina      25 cro  1  1 15 17 30 100 820 820 400   0   0    0   0   0   0   0   0   0   0   0   0   0   0 100
Omar_Islas    21 mex  1  1 15 17 30 100 820 834 291   1   0   93   0   0   0   0   2   1   0   0   0   0   0 100
Paolo_Yrizar  19 mex  1  1  1 17 30 100 820 820 181   0   0    0   0   0   0   0   0   0   0   0   0   0   0 100
Diego_Barrón  20 mex  1  1  1 17 30 100 820 820 181   2   1  113   0   0   0   0   0   0   0   0   0   0   0 100
