Name         Age Nat St Tk Ps Sh Ag KAb TAb PAb SAb Gam Sub  Min Mom Sav Con Ktk Kps Sht Gls Ass  DP Inj Sus Fit
----------------------------------------------------------------------------------------------------------------
C_Giménez     36 mex  1  1 17 15 30 100 820 810 820   0   0    0   0   0   0   0   0   0   0   0   0   0   0 100 (lib)
Dirk_Kuyt     36 ned  1  1 18 17 30 100 820 530 820   0   0    0   0   0   0   0   0   0   0   0   0   0   0 100 (lib)
M_Molina      36 col  1  1 18 15 30 100 820 111 821   0   0    0   0   0   0   0   0   0   0   0   0   0   0 100 (lib)
Kaká          35 bra  1  1 19 18 30 100 820 760 820   0   0    0   0   0   0   0   0   0   0   0   0   0   0 100 (lib)
A_Sánchez     33 per  1  1 17 16 30 100 820 570 820   0   0    0   0   0   0   0   0   0   0   0   0   0   0 100 (lib)
Franck_Ribéry 33 fra  1  1 20 19 30 100  98 758 489   0   0    0   0   0   0   0   0   0   0   0   0   0   0 100 (lei)
J_Fujimoto    33 jpn  1  1 17 15 30 100 820 460 820   0   0    0   0   0   0   0   0   0   0   0   0   0   0 100 (lib)
J_Valdivia    33 chi  1  1 19 16 30 100 820 611 893   0   0    0   0   0   0   0   0   0   0   0   0   0   0 100 (lib)
K_Shibasaki   33 jpn  1  1 18 17 30 100 820 290 820   0   0    0   0   0   0   0   0   0   0   0   0   0   0 100 (lib)
C_Sánchez     32 uru  1  1 19 17 30 100 808 483 847   0   0    0   0   0   0   0   0   0   0   0   0   0   0 100 (lib)
F_Belluschi   32 arg  1  1 19 18 30 100 820 870 820   0   0    0   0   0   0   0   0   0   0   0   0   0   0 100 (lib)
J_Farfán      32 per  1  1 19 16 30 100 820 590 820   0   0    0   0   0   0   0   0   0   0   0   0   0   0 100 (lib)
L_Obraniak    32 pol  1  1 18 15 30 100 810 207 810   0   0    0   0   0   0   0   0   0   0   0   0   0   0 100 (lib)
Luis_Ramírez  32 per  1  6 18 14 30 100 820 270 820   0   0    0   0   0   0   0   0   0   0   0   0   0   0 100 (lib)
M_Ninkovic    32 srb  1  2 19 17 30 100 820  80 820   0   0    0   0   0   0   0   0   0   0   0   0   0   0 100 (lib)
M_Torres      32 col  1  1 19 16 30 100 810 228 919   0   0    0   0   0   0   0   0   0   0   0   0   0   0 100 (lib)
M_Valbuena    32 fra  1  1 19 17 30 100  66 940 305   0   0    0   0   0   0   0   0   0   0   0   0   0   0 100 (lyo)
Mark_González 32 chi  1  1 18 15 30 100 820 614 825   0   0    0   0   0   0   0   0   0   0   0   0   0   0 100 (lib)
S_Downing     32 eng  1  1 18 17 30 100 820 990 820   0   0    0   0   0   0   0   0   0   0   0   0   0   0 100 (lib)
Salomon_Kalou 32 civ  1  1 19 17 30 100 820 960 820   0   0    0   0   0   0   0   0   0   0   0   0   0   0 100 (lib)
W_Sneijder    32 ned  1  1 20 17 30 100 822 508 870   0   0    0   0   0   0   0   0   0   0   0   0   0   0 100 (lib)
A_Ienaga      31 jpn  1  1 18 17 30 100 820 160 820   0   0    0   0   0   0   0   0   0   0   0   0   0   0 100 (lib)
Ashley_Young  31 eng  1  1 18 17 30 100  90 966 301   0   0    0   0   0   0   0   0   0   0   0   0   0   0 100 (lei)
Blasczykowski 31 pol  1  1 19 17 30 100 796 577 962   0   0    0   0   0   0   0   0   0   0   0   0   0   0 100 (lib)
Camilo_Zúñiga 31 col  1  1 18 16 30 100 832 607 855   0   0    0   0   0   0   0   0   0   0   0   0   0   0 100 (lib)
Cris_Rguez    31 uru  1  1 18 17 30 100 820 990 820   0   0    0   0   0   0   0   0   0   0   0   0   0   0 100 (lib)
David_Edwards 31 wal  1  1 18 16 30 100 760 294 805   0   0    0   0   0   0   0   0   0   0   0   0   0   0 100 (lib)
David_Silva   31 esp  1  1 22 20 30 100 560 109  63   0   0    0   0   0   0   0   0   0   0   0   0   0   0 100 (nap)
E_Giaccherini 31 ita  1  1 19 17 30 100 680 390 867   0   0    0   0   0   0   0   0   0   0   0   0   0   0 100 (nap)
F_Meneses     31 chi  1  1 18 16 30 100 818 215 882   0   0    0   0   0   0   0   0   0   0   0   0   0   0 100 (lib)
F_Orellana    31 chi  1  1 19 18 30 100  98 909 515   0   0    0   0   0   0   0   0   0   0   0   0   0   0 100 (val)
I_Afellay     31 ned  1  1 19 16 30 100 832 618 828   0   0    0   0   0   0   0   0   0   0   0   0   0   0 100 (lib)
J_Landauri    31 per  1  4 17 13 30 100 820 930 820   0   0    0   0   0   0   0   0   0   0   0   0   0   0 100 (lib)
Jesús_Navas   31 esp  1  1 19 16 30 100 578 530 770   0   0    0   0   0   0   0   0   0   0   0   0   0   0 100 (mci)
José_Sosa     31 arg  1  1 19 17 30 100 690 317 570   0   0    0   0   0   0   0   0   0   0   0   0   0   0 100 (mil)
Khaled_Gourmi 31 alg  1  1 18 17 30 100 820 290 820   0   0    0   0   0   0   0   0   0   0   0   0   0   0 100 (lib)
M_Liendl      31 aut  1  1 18 15 30 100 820 470 820   0   0    0   0   0   0   0   0   0   0   0   0   0   0 100 (lib)
T_Barnetta    31 sui  1  1 19 16 30 100 818 288 818   0   0    0   0   0   0   0   0   0   0   0   0   0   0 100 (lib)
Vieirinha     31 por  1  1 19 17 30 100 820 590 820   0   0    0   0   0   0   0   0   0   0   0   0   0   0 100 (lib)
A_Candreva    30 ita  1  1 20 18 30 100 534   1 956   0   0    0   0   0   0   0   0   0   0   0   0   0   0 100 (int)
Arda_Turan    30 tur  1  1 20 18 30 100 372 511 710   0   0    0   0   0   0   0   0   0   0   0   0   0   0 100 (s04)
Atomu_Tanaka  30 jpn  1  2 17 15 30 100 820 900 820   0   0    0   0   0   0   0   0   0   0   0   0   0   0 100 (lib)
Dimitri_Payet 30 fra  1  1 20 19 30 100  72 811 385   0   0    0   0   0   0   0   0   0   0   0   0   0   0 100 (oma)
J_A_Albín     30 uru  1  1 18 16 30 100 820 600 865   0   0    0   0   0   0   0   0   0   0   0   0   0   0 100 (lib)
K-P_Boateng   30 gha  1  1 19 17 30 100 820 870 820   0   0    0   0   0   0   0   0   0   0   0   0   0   0 100 (lib)
Keisuke_Honda 30 jpn  1  1 19 16 30 100 670 806 926   0   0    0   0   0   0   0   0   0   0   0   0   0   0 100 (mil)
Pedro_León    30 esp  1  1 19 17 30 100 820 440 820   0   0    0   0   0   0   0   0   0   0   0   0   0   0 100 (lib)
Raúl_García   30 esp  1  1 20 18 30 100 820  40 820   0   0    0   0   0   0   0   0   0   0   0   0   0   0 100 (lib)
Ryan_Babel    30 ned  1  1 18 16 30 100 820 990 820   0   0    0   0   0   0   0   0   0   0   0   0   0   0 100 (lib)
Sören_Rieks   30 den  1  1 18 17 30 100 820 420 820   0   0    0   0   0   0   0   0   0   0   0   0   0   0 100 (lib)
T_Umesaki     30 jpn  1  1 17 16 30 100 820 680 820   0   0    0   0   0   0   0   0   0   0   0   0   0   0 100 (lib)
Y_Gourcuff    30 fra  1  1 19 17 30 100 820 604 820   0   0    0   0   0   0   0   0   0   0   0   0   0   0 100 (lib)
Y_Kashiwa     30 jpn  1  1 18 17 30 100 820 290 820   0   0    0   0   0   0   0   0   0   0   0   0   0   0 100 (lib)
Édson_Puch    30 chi  1  1 19 17 30 100 818 166 865   0   0    0   0   0   0   0   0   0   0   0   0   0   0 100 (lib)
Aaron_Lennon  29 eng  1  1 19 17 30 100  48   6 170   0   0    0   0   0   0   0   0   0   0   0   0   0   0 100 (eve)
C_Bermúdez    29 mex  1  1 18 16 30 100 820 520 820   0   0    0   0   0   0   0   0   0   0   0   0   0   0 100 (lib)
D_Biseswar    29 ned  1  1 18 15 30 100 820 677 869   0   0    0   0   0   0   0   0   0   0   0   0   0   0 100 (lib)
D_Caligiuri   29 ita  1  1 19 16 30 100 108  89 249   0   0    0   0   0   0   0   0   0   0   0   0   0   0 100 (nic)
D_Cotterill   29 wal  1  1 18 15 30 100 760 351 760   0   0    0   0   0   0   0   0   0   0   0   0   0   0 100 (lib)
G_Haucher     29 arg  1  1 18 16 30 100 820 650 820   0   0    0   0   0   0   0   0   0   0   0   0   0   0 100 (lib)
J_de_Guzmán   29 ned  1  1 19 17 30 100 820 340 820   0   0    0   0   0   0   0   0   0   0   0   0   0   0 100 (lib)
Jeremain_Lens 29 ned  1  1 20 19 30 100 830 150  80   0   0    0   0   0   0   0   0   0   0   0   0   0   0 100 (lib)
K_Moriya      29 jpn  1  1 17 15 30 100 820 900 820   0   0    0   0   0   0   0   0   0   0   0   0   0   0 100 (lib)
M_Susaeta     29 esp  1  1 18 15 30 100 820 520 820   0   0    0   0   0   0   0   0   0   0   0   0   0   0 100 (lib)
Marin_Tomasov 29 cro  1  1 17 16 30 100 820 887 820   0   0    0   0   0   0   0   0   0   0   0   0   0   0 100 (lib)
Max_Gradel    29 civ  1  1 19 16 30 100 820 380 820   0   0    0   0   0   0   0   0   0   0   0   0   0   0 100 (lib)
N_Müller      29 ger  1  1 19 17 30 100 820 340 820   0   0    0   0   0   0   0   0   0   0   0   0   0   0 100 (lib)
Nico_Gaitán   29 arg  1  1 21 18 30 100 562  24 228   0   0    0   0   0   0   0   0   0   0   0   0   0   0 100 (atm)
Samir_Nasri   29 fra  1  1 20 18 30 100  70 199 556   0   0    0   0   0   0   0   0   0   0   0   0   0   0 100 (sev)
Taison        29 bra  1  1 20 17 30 100 820 270 820   0   0    0   0   0   0   0   0   0   0   0   0   0   0 100 (lib)
Tomoya_Ugajin 29 jpn  1  1 18 16 30 100 820  30 820   0   0    0   0   0   0   0   0   0   0   0   0   0   0 100 (lib)
Yasushi_Endo  29 jpn  1  1 18 16 30 100 820  30 820   0   0    0   0   0   0   0   0   0   0   0   0   0   0 100 (lib)
Á_Di_María    29 arg  1  1 21 20 30 100 316 204  88   0   0    0   0   0   0   0   0   0   0   0   0   0   0 100 (rom)
Adam_Lallana  28 eng  1  1 20 19 30 100 538 932 191   0   0    0   0   0   0   0   0   0   0   0   0   0   0 100 (liv)
Diego_Perotti 28 arg  1  1 19 17 30 100  88 448 408   0   0    0   0   0   0   0   0   0   0   0   0   0   0 100 (rom)
Elías_Hdez    28 mex  1  1 18 16 30 100 820 900 820   0   0    0   0   0   0   0   0   0   0   0   0   0   0 100 (lib)
H_Mkhitaryan  28 arm  1  1 21 20 30 100 678 476 104   0   0    0   0   0   0   0   0   0   0   0   0   0   0 100 (mun)
Hiroyuki_Abe  28 jpn  1  1 17 15 30 100 820 900 820   0   0    0   0   0   0   0   0   0   0   0   0   0   0 100 (lib)
Ivan_Perisic  28 cro  1  1 20 18 30 100 488 716 995   0   0    0   0   0   0   0   0   0   0   0   0   0   0 100 (int)
J_Durmaz      28 swe  1  1 19 17 30 100 808 206 812   0   0    0   0   0   0   0   0   0   0   0   0   0   0 100 (lib)
J_Fredy_Pajoy 28 col  1  1 18 16 30 100 820  10 820   0   0    0   0   0   0   0   0   0   0   0   0   0   0 100 (lib)
J_Toornstra   28 ned  1  1 19 17 30 100 820 340 820   0   0    0   0   0   0   0   0   0   0   0   0   0   0 100 (lib)
Juan_Cuadrado 28 col  1  1 20 19 30 100 684 716 298   0   0    0   0   0   0   0   0   0   0   0   0   0   0 100 (mun)
Juan_Mata     28 esp  1  1 21 19 30 100 670 212 142   0   0    0   0   0   0   0   0   0   0   0   0   0   0 100 (mun)
Kohei_Shimizu 28 jpn  1  1 17 16 30 100 820 900 820   0   0    0   0   0   0   0   0   0   0   0   0   0   0 100 (lib)
M_Bentiba     28 alg  1  1 17 16 30 100 820 900 820   0   0    0   0   0   0   0   0   0   0   0   0   0   0 100 (lib)
M_Sulejmani   28 srb  1  2 19 17 30 100 820 230 820   0   0    0   0   0   0   0   0   0   0   0   0   0   0 100 (lib)
Marlos        28 bra  1  1 20 17 30 100 820 270 820   0   0    0   0   0   0   0   0   0   0   0   0   0   0 100 (lib)
Mesut_Özil    28 ger  1  1 22 20 30 100 544 932 346   0   0    0   0   0   0   0   0   0   0   0   0   0   0 100 (ars)
N_Calderón    28 mex  1  1 18 15 30 100 820 520 820   0   0    0   0   0   0   0   0   0   0   0   0   0   0 100 (lib)
Nico_Lodeiro  28 uru  1  1 19 16 30 100 808 747 829   0   0    0   0   0   0   0   0   0   0   0   0   0   0 100 (lib)
S_Sinclair    28 eng  1  1 19 17 30 100 820 190 820   0   0    0   0   0   0   0   0   0   0   0   0   0   0 100 (lib)
Shinji_Kagawa 28 jpn  1  1 20 17 30 100 684 441 813   0   0    0   0   0   0   0   0   0   0   0   0   0   0 100 (mil)
Shu_Kurata    28 jpn  1  1 18 17 30 100 820 160 820   0   0    0   0   0   0   0   0   0   0   0   0   0   0 100 (lib)
Siem_de_Jong  28 ned  1  1 19 17 30 100 468 195 890   0   0    0   0   0   0   0   0   0   0   0   0   0   0 100 (psv)
Somália       28 bra  1  1 18 16 30 100 820 520 821   0   0    0   0   0   0   0   0   0   0   0   0   0   0 100 (lib)
Theo_Walcott  28 eng  1  1 19 17 30 100 314 949 605   0   0    0   0   0   0   0   0   0   0   0   0   0   0 100 (ars)
Willian       28 bra  1  1 20 19 30 100  84 556 692   0   0    0   0   0   0   0   0   0   0   0   0   0   0 100 (che)
A_Nakamura    27 jpn  1  1 17 15 30 100 820 900 820   0   0    0   0   0   0   0   0   0   0   0   0   0   0 100 (lib)
B_Alemán      27 uru  1  1 18 16 30 100 820 650 820   0   0    0   0   0   0   0   0   0   0   0   0   0   0 100 (lib)
Dani_Parejo   27 esp  1  1 20 17 30 100 102  76 598   0   0    0   0   0   0   0   0   0   0   0   0   0   0 100 (val)
Danilo_S      27 bel  1  1 18 15 30 100 820 260 820   0   0    0   0   0   0   0   0   0   0   0   0   0   0 100 (lib)
Darko_Lazovic 27 srb  1  2 19 17 30 100 820  80 820   0   0    0   0   0   0   0   0   0   0   0   0   0   0 100 (lib)
Edenilson     27 bra  1  1 19 17 30 100 820  47 820   0   0    0   0   0   0   0   0   0   0   0   0   0   0 100 (lib)
Fabio_Borini  27 ita  1  1 19 17 30 100 820 190 820   0   0    0   0   0   0   0   0   0   0   0   0   0   0 100 (lib)
Ganso         27 bra  1  1 19 17 30 100  44 461 389   0   0    0   0   0   0   0   0   0   0   0   0   0   0 100 (sev)
Genki_Omae    27 jpn  1  1 17 15 30 100 820 570 820   0   0    0   0   0   0   0   0   0   0   0   0   0   0 100 (lib)
Geoffrey_Bia  27 bel  1  1 19 16 30 100 820  40 820   0   0    0   0   0   0   0   0   0   0   0   0   0   0 100 (lib)
H_Kiyotake    27 jpn  1  2 19 17 30 100 820 230 820   0   0    0   0   0   0   0   0   0   0   0   0   0   0 100 (lib)
I_Chenihi     27 alg  1  2 18 16 30 100 820 160 820   0   0    0   0   0   0   0   0   0   0   0   0   0   0 100 (lib)
J_Ankersen    27 den  1  2 18 16 30 100 820 160 820   0   0    0   0   0   0   0   0   0   0   0   0   0   0 100 (lib)
J_Gonzales    27 per  1  1 17 16 30 100 820 510 820   0   0    0   0   0   0   0   0   0   0   0   0   0   0 100 (lib)
J_Pastore     27 arg  1  1 20 18 30 100 326 484 786   0   0    0   0   0   0   0   0   0   0   0   0   0   0 100 (rom)
J_Viera       27 esp  1  1 20 18 30 100 820 270 820   0   0    0   0   0   0   0   0   0   0   0   0   0   0 100 (lib)
Javier_Aquino 27 mex  1  1 19 17 30 100 820 218 900   0   0    0   0   0   0   0   0   0   0   0   0   0   0 100 (lib)
Jay_Rodríguez 27 eng  1  1 19 17 30 100 820 340 820   0   0    0   0   0   0   0   0   0   0   0   0   0   0 100 (lib)
K_Taketomi    27 jpn  1  1 17 15 30 100 820 680 820   0   0    0   0   0   0   0   0   0   0   0   0   0   0 100 (lib)
Keigo_Higashi 27 jpn  1  2 17 15 30 100 820 680 820   0   0    0   0   0   0   0   0   0   0   0   0   0   0 100 (lib)
Kota_Mizunuma 27 jpn  1  1 17 16 30 100 820 460 820   0   0    0   0   0   0   0   0   0   0   0   0   0   0 100 (lib)
M_Albrighton  27 eng  1  1 18 17 30 100  88 738 126   0   0    0   0   0   0   0   0   0   0   0   0   0   0 100 (lei)
M_Arnautovic  27 aut  1  1 20 17 30 100 798 345 921   0   0    0   0   0   0   0   0   0   0   0   0   0   0 100 (lib)
Manabu_Saito  27 jpn  1  1 18 17 30 100 820 550 820   0   0    0   0   0   0   0   0   0   0   0   0   0   0 100 (lib)
Marco_Fabián  27 mex  1  1 19 17 30 100 820 504 820   0   0    0   0   0   0   0   0   0   0   0   0   0   0 100 (lib)
Marco_Reus    27 ger  1  1 22 19 30 100 698  77 284   0   0    0   0   0   0   0   0   0   0   0   0   0   0 100 (bdo)
Nacer_Chadli  27 bel  1  1 19 16 30 100 820 490 820   0   0    0   0   0   0   0   0   0   0   0   0   0   0 100 (lib)
Nill_De_Pauw  27 bel  1  1 18 16 30 100 820 260 820   0   0    0   0   0   0   0   0   0   0   0   0   0   0 100 (lib)
R_Aponzá      27 col  1  1 18 15 30 100 820  10 820   0   0    0   0   0   0   0   0   0   0   0   0   0   0 100 (lib)
R_Boudebouz   27 alg  1  1 20 19 30 100 820 140 820   0   0    0   0   0   0   0   0   0   0   0   0   0   0 100 (lib)
Rémy_Cabella  27 fra  1  1 18 16 30 100  92 674 357   0   0    0   0   0   0   0   0   0   0   0   0   0   0 100 (oma)
V_Stocker     27 sui  1  1 19 16 30 100 820 354 863   0   0    0   0   0   0   0   0   0   0   0   0   0   0 100 (lib)
Y_Belhanda    27 mar  1  1 19 17 30 100 664 998 830   0   0    0   0   0   0   0   0   0   0   0   0   0   0 100 (nic)
Y_Bolasie     27 cod  1  1 18 17 30 100 104 905 154   0   0    0   0   0   0   0   0   0   0   0   0   0   0 100 (eve)
Y_Konoplyanka 27 ukr  1  1 19 18 30 100  90 461  90   0   0    0   0   0   0   0   0   0   0   0   0   0   0 100 (s04)
A_Bounoua     26 alg  1  2 17 15 30 100 820 680 820   0   0    0   0   0   0   0   0   0   0   0   0   0   0 100 (lib)
A_Schürrle    26 ger  1  1 20 19 30 100 666 274  14   0   0    0   0   0   0   0   0   0   0   0   0   0   0 100 (bdo)
Adem_Ljajic   26 srb  1  1 19 18 30 100 820 960 820   0   0    0   0   0   0   0   0   0   0   0   0   0   0 100 (lib)
C_Mayada      26 uru  1  1 18 16 30 100 818 729 818   0   0    0   0   0   0   0   0   0   0   0   0   0   0 100 (lib)
D_Aleksic     26 srb  1  1 18 17 30 100 820 550 820   0   0    0   0   0   0   0   0   0   0   0   0   0   0 100 (lib)
D_Cheryshev   26 rus  1  1 19 17 30 100 710 611 877   0   0    0   0   0   0   0   0   0   0   0   0   0   0 100 (ble)
D_Kikuchi     26 jpn  1  1 18 17 30 100 820  30 820   0   0    0   0   0   0   0   0   0   0   0   0   0   0 100 (lib)
Douglas_Costa 26 bra  1  1 21 18 30 100 678 130 211   0   0    0   0   0   0   0   0   0   0   0   0   0   0 100 (bmu)
Eden_Hazard   26 bel  1  1 21 20 30 100  70 847 507   0   0    0   0   0   0   0   0   0   0   0   0   0   0 100 (che)
G_Ramirez     26 uru  1  1 19 16 30 100 788 669 803   0   0    0   0   0   0   0   0   0   0   0   0   0   0 100 (lib)
G_Wijnaldum   26 ned  1  1 20 19 30 100 548 447   7   0   0    0   0   0   0   0   0   0   0   0   0   0   0 100 (liv)
J_dos_Santos  26 mex  1  1 20 17 30 100 614 281 995   0   0    0   0   0   0   0   0   0   0   0   0   0   0 100 (vil)
Jorge_Bazán   26 per  1  1 17 15 30 100 820 720 820   0   0    0   0   0   0   0   0   0   0   0   0   0   0 100 (lib)
Josué         26 por  1  1 19 16 30 100 820 230 820   0   0    0   0   0   0   0   0   0   0   0   0   0   0 100 (lib)
K_Bellarabi   26 ger  1  1 20 19 30 100 710 804 219   0   0    0   0   0   0   0   0   0   0   0   0   0   0 100 (ble)
Lucas_Lima    26 bra  1  1 18 16 30 100 820 567 820   0   0    0   0   0   0   0   0   0   0   0   0   0   0 100 (lib)
M_Kucharczyk  26 pol  1  1 18 16 30 100 820 321 830   0   0    0   0   0   0   0   0   0   0   0   0   0   0 100 (lib)
Paolo_Hurtado 26 per  1  1 19 17 30 100 820 270 820   0   0    0   0   0   0   0   0   0   0   0   0   0   0 100 (lib)
Reimond_Manco 26 per  1  1 18 16 30 100 820 300 820   0   0    0   0   0   0   0   0   0   0   0   0   0   0 100 (lib)
Riyah_Mahrez  26 alg  1  1 20 17 30 100  94 333 336   0   0    0   0   0   0   0   0   0   0   0   0   0   0 100 (lei)
Ryota_Morioka 26 jpn  1  2 18 16 30 100 820 290 820   0   0    0   0   0   0   0   0   0   0   0   0   0   0 100 (lib)
S_Kobayashi   26 jpn  1  1 17 15 30 100 820 350 820   0   0    0   0   0   0   0   0   0   0   0   0   0   0 100 (lib)
Sid_A_Aouedj  26 alg  1  2 17 15 30 100 820 460 820   0   0    0   0   0   0   0   0   0   0   0   0   0   0 100 (lib)
Sofiane_Hanni 26 alg  1  1 19 18 30 100 820 380 820   0   0    0   0   0   0   0   0   0   0   0   0   0   0 100 (lib)
Toto_Salvio   26 arg  1  1 20 18 30 100 576 115 871   0   0    0   0   0   0   0   0   0   0   0   0   0   0 100 (slb)
Victor_Moses  26 nga  1  1 18 16 30 100  84 959 364   0   0    0   0   0   0   0   0   0   0   0   0   0   0 100 (che)
Yannis_Tafer  26 alg  1  2 18 16 30 100 820  30 820   0   0    0   0   0   0   0   0   0   0   0   0   0   0 100 (lib)
A_Townsend    25 eng  1  1 19 17 30 100 820 380 820   0   0    0   0   0   0   0   0   0   0   0   0   0   0 100 (lib)
B_Dejaegere   25 bel  1  1 18 17 30 100 820 940 820   0   0    0   0   0   0   0   0   0   0   0   0   0   0 100 (lib)
Bouna_Sarr    25 gui  1  1 17 16 30 100  88 668 154   0   0    0   0   0   0   0   0   0   0   0   0   0   0 100 (oma)
C_Cueva       25 per  1  1 19 16 30 100 820 900 820   0   0    0   0   0   0   0   0   0   0   0   0   0   0 100 (lib)
C_Eriksen     25 den  1  1 21 20 30 100 666 306 184   0   0    0   0   0   0   0   0   0   0   0   0   0   0 100 (tot)
C_Tello       25 esp  1  1 19 16 30 100 820 530 820   0   0    0   0   0   0   0   0   0   0   0   0   0   0 100 (lib)
D_Villalpando 25 mex  1  1 18 15 30 100 820 300 820   0   0    0   0   0   0   0   0   0   0   0   0   0   0 100 (lib)
E_Forsberg    25 swe  1  1 20 18 30 100 810   8 878   0   0    0   0   0   0   0   0   0   0   0   0   0   0 100 (nap)
F_Djuricic    25 srb  1  2 18 16 30 100 820 930 820   0   0    0   0   0   0   0   0   0   0   0   0   0   0 100 (lib)
Franz_Schultz 25 chi  1  1 18 16 30 100 820 307 821   0   0    0   0   0   0   0   0   0   0   0   0   0   0 100 (lib)
Hernâni       25 por  1  1 19 16 30 100 800  61 807   0   0    0   0   0   0   0   0   0   0   0   0   0   0 100 (lib)
J_Rodríguez   25 col  1  1 21 19 30 100 638 876 171   0   0    0   0   0   0   0   0   0   0   0   0   0   0 100 (mun)
J_Vidales     25 per  1  1 17 16 30 100 820 780 820   0   0    0   0   0   0   0   0   0   0   0   0   0   0 100 (lib)
Jorge_Zárate  25 mex  1  1 18 16 30 100 820 300 820   0   0    0   0   0   0   0   0   0   0   0   0   0   0 100 (lib)
K_De_Bruyne   25 bel  1  1 22 20 30 100 580 165 119   0   0    0   0   0   0   0   0   0   0   0   0   0   0 100 (mci)
Karim_Onisiwo 25 aut  1  1 18 15 30 100 820 560 820   0   0    0   0   0   0   0   0   0   0   0   0   0   0 100 (lib)
Kasper_Kusk   25 den  1  1 18 17 30 100 820 420 820   0   0    0   0   0   0   0   0   0   0   0   0   0   0 100 (lib)
Kotaro_Omori  25 jpn  1  1 17 15 30 100 820 570 820   0   0    0   0   0   0   0   0   0   0   0   0   0   0 100 (lib)
Lucas_Vazquez 25 esp  1  1 20 18 30 100 112  42 433   0   0    0   0   0   0   0   0   0   0   0   0   0   0 100 (opo)
Oscar         25 bra  1  1 20 18 30 100 632 834 163   0   0    0   0   0   0   0   0   0   0   0   0   0   0 100 (juv)
Quincy_Promes 25 ned  1  1 20 18 30 100 820 345 974   0   0    0   0   0   0   0   0   0   0   0   0   0   0 100 (lib)
R_Steffen     25 sui  1  1 19 17 30 100 820  80 825   0   0    0   0   0   0   0   0   0   0   0   0   0   0 100 (lib)
S_Zuber       25 sui  1  1 18 17 30 100 818 952 824   0   0    0   0   0   0   0   0   0   0   0   0   0   0 100 (lib)
Shoma_Doi     25 jpn  1  1 18 17 30 100 820 290 820   0   0    0   0   0   0   0   0   0   0   0   0   0   0 100 (lib)
V_Claesson    25 swe  1  1 18 16 30 100 810 722 815   0   0    0   0   0   0   0   0   0   0   0   0   0   0 100 (lib)
V_Eysseric    25 fra  1  1 19 17 30 100 672 620 791   0   0    0   0   0   0   0   0   0   0   0   0   0   0 100 (psg)
W_Mimbela     25 per  1  1 17 14 30 100 820 690 820   0   0    0   0   0   0   0   0   0   0   0   0   0   0 100 (lib)
X_Shaqiri     25 sui  1  1 20 19 30 100 660 652 184   0   0    0   0   0   0   0   0   0   0   0   0   0   0 100 (bdo)
Y_Toutouh     25 den  1  2 18 16 30 100 820 290 820   0   0    0   0   0   0   0   0   0   0   0   0   0   0 100 (lib)
Érik_Lamela   25 arg  1  1 20 17 30 100 660 255 932   0   0    0   0   0   0   0   0   0   0   0   0   0   0 100 (tot)
Alexi_Gómez   24 per  1  1 17 14 30 100 820 930 820   0   0    0   0   0   0   0   0   0   0   0   0   0   0 100 (lib)
Bernard       24 bra  1  1 19 17 30 100 670 772 992   0   0    0   0   0   0   0   0   0   0   0   0   0   0 100 (nap)
C_Falletti    24 uru  1  1 18 16 30 100 820  57 821   0   0    0   0   0   0   0   0   0   0   0   0   0   0 100 (lib)
Davy_Klaassen 24 ned  1  1 19 18 30 100 354 681 584   0   0    0   0   0   0   0   0   0   0   0   0   0   0 100 (juv)
Diego_Laxalt  24 uru  1  1 19 17 30 100 810 227 810   0   0    0   0   0   0   0   0   0   0   0   0   0   0 100 (lib)
Farid_Boulaya 24 alg  1  1 18 17 30 100 820 290 820   0   0    0   0   0   0   0   0   0   0   0   0   0   0 100 (lib)
Florian_Kainz 24 aut  1  1 18 17 30 100 820 940 820   0   0    0   0   0   0   0   0   0   0   0   0   0   0 100 (lib)
Gino_Guerrero 24 per  1  1 17 14 30 100 820 810 820   0   0    0   0   0   0   0   0   0   0   0   0   0   0 100 (lib)
Hakim_Ziyech  24 mar  1  1 19 18 30 100 100 275 130   0   0    0   0   0   0   0   0   0   0   0   0   0   0 100 (ajx)
Hans_Vanaken  24 bel  1  1 19 17 30 100 820 230 820   0   0    0   0   0   0   0   0   0   0   0   0   0   0 100 (lib)
Isco          24 esp  1  1 21 19 30 100 622 293 532   0   0    0   0   0   0   0   0   0   0   0   0   0   0 100 (rma)
Jean_Deza     24 per  1  1 17 16 30 100 820 900 820   0   0    0   0   0   0   0   0   0   0   0   0   0   0 100 (lib)
Jesse_Lingard 24 eng  1  1 19 18 30 100 580 651  82   0   0    0   0   0   0   0   0   0   0   0   0   0   0 100 (psg)
Jesús_Corona  24 mex  1  1 19 18 30 100  86 517 274   0   0    0   0   0   0   0   0   0   0   0   0   0   0 100 (opo)
João_Teixeira 24 por  1  1 18 16 30 100 820 177 856   0   0    0   0   0   0   0   0   0   0   0   0   0   0 100 (lib)
L_Isgrove     24 wal  1  1 17 15 30 100 820 941 821   0   0    0   0   0   0   0   0   0   0   0   0   0   0 100 (lib)
Lucas         24 bra  1  1 20 17 30 100 558 427 910   0   0    0   0   0   0   0   0   0   0   0   0   0   0 100 (bar)
Mario_Götze   24 ger  1  1 20 18 30 100 702 732  56   0   0    0   0   0   0   0   0   0   0   0   0   0   0 100 (bdo)
Mijo_Caktas   24 cro  1  1 18 16 30 100 820 560 820   0   0    0   0   0   0   0   0   0   0   0   0   0   0 100 (lib)
N_Thomsen     24 den  1  1 18 17 30 100 820 290 820   0   0    0   0   0   0   0   0   0   0   0   0   0   0 100 (lib)
P_Coutinho    24 bra  1  1 21 20 30 100 556 760 208   0   0    0   0   0   0   0   0   0   0   0   0   0   0 100 (liv)
Pablo_Sarabia 24 esp  1  1 19 17 30 100  80   6 220   0   0    0   0   0   0   0   0   0   0   0   0   0   0 100 (sev)
Pawel_Wszolek 24 pol  1  1 18 16 30 100 820 731 858   0   0    0   0   0   0   0   0   0   0   0   0   0   0 100 (lib)
Simon_Hedlund 24 swe  1  1 18 16 30 100 820 334 832   0   0    0   0   0   0   0   0   0   0   0   0   0   0 100 (lib)
T_Hazard      24 bel  1  1 20 19 30 100 562 413 425   0   0    0   0   0   0   0   0   0   0   0   0   0   0 100 (vil)
Wilfried_Zaha 24 civ  1  1 20 19 30 100 820 140 820   0   0    0   0   0   0   0   0   0   0   0   0   0   0 100 (lib)
Z_Ferhat      24 alg  1  1 18 17 30 100 820 290 820   0   0    0   0   0   0   0   0   0   0   0   0   0   0 100 (lib)
A_Schöpf      23 aut  1  1 18 17 30 100  78 734 213   0   0    0   0   0   0   0   0   0   0   0   0   0   0 100 (s04)
Adam_Maher    23 ned  1  1 18 16 30 100 820 970 820   0   0    0   0   0   0   0   0   0   0   0   0   0   0 100 (lib)
Ayoze_Pérez   23 esp  1  1 18 17 30 100 820 970 820   0   0    0   0   0   0   0   0   0   0   0   0   0   0 100 (lib)
Bernardeschi  23 ita  1  1 20 19 30 100 672 425 131   0   0    0   0   0   0   0   0   0   0   0   0   0   0 100 (mci)
C_Benavente   23 per  1  1 18 14 30 100 820 450 820   0   0    0   0   0   0   0   0   0   0   0   0   0   0 100 (lib)
Carlos_Mané   23 por  1  1 19 16 30 100 820 274 830   0   0    0   0   0   0   0   0   0   0   0   0   0   0 100 (lib)
Dejan_Meleg   23 srb  1  2 17 15 30 100 820 680 820   0   0    0   0   0   0   0   0   0   0   0   0   0   0 100 (lib)
Denis_Suárez  23 esp  1  1 20 17 30 100 350  53 573   0   0    0   0   0   0   0   0   0   0   0   0   0   0 100 (rom)
Diego_Valdés  23 chi  1  1 18 17 30 100 820 970 820   0   0    0   0   0   0   0   0   0   0   0   0   0   0 100 (lib)
Edison_Flores 23 per  1  1 19 15 30 100 820 750 820   0   0    0   0   0   0   0   0   0   0   0   0   0   0 100 (lib)
F_Anderson    23 bra  1  1 20 18 30 100 820 202 822   0   0    0   0   0   0   0   0   0   0   0   0   0   0 100 (lib)
G_Notsuda     23 jpn  1  2 17 15 30 100 820 460 820   0   0    0   0   0   0   0   0   0   0   0   0   0   0 100 (lib)
H_Hinostroza  23 per  1  5 17 12 30 100 820 990 820   0   0    0   0   0   0   0   0   0   0   0   0   0   0 100 (lib)
J_Draxler     23 ger  1  1 21 18 30 100 584  60 157   0   0    0   0   0   0   0   0   0   0   0   0   0   0 100 (rma)
J_Manzaneda   23 per  1  1 18 16 30 100 820 350 820   0   0    0   0   0   0   0   0   0   0   0   0   0   0 100 (lib)
J_Williams    23 wal  1  1 18 16 30 100 768 733 803   0   0    0   0   0   0   0   0   0   0   0   0   0   0 100 (lib)
Junior_Ponce  23 per  1  3 17 14 30 100 820 810 820   0   0    0   0   0   0   0   0   0   0   0   0   0   0 100 (lib)
L_Andersen    23 den  1  2 19 17 30 100 820 230 820   0   0    0   0   0   0   0   0   0   0   0   0   0   0 100 (lib)
M_Lanzini     23 arg  1  1 19 16 30 100 820 710 820   0   0    0   0   0   0   0   0   0   0   0   0   0   0 100 (lib)
M_Sabitzer    23 aut  1  1 19 17 30 100 810 312 920   0   0    0   0   0   0   0   0   0   0   0   0   0   0 100 (lib)
Massimo_Bruno 23 bel  1  1 18 15 30 100 820 461 820   0   0    0   0   0   0   0   0   0   0   0   0   0   0 100 (lib)
N_Redmond     23 eng  1  1 19 17 30 100 820 110 820   0   0    0   0   0   0   0   0   0   0   0   0   0   0 100 (lib)
Nabil_Fekir   23 fra  1  1 19 17 30 100  68 757 390   0   0    0   0   0   0   0   0   0   0   0   0   0   0 100 (lyo)
O-Chamberlain 23 eng  1  1 20 17 30 100 568  16 983   0   0    0   0   0   0   0   0   0   0   0   0   0   0 100 (ars)
Pier_Larrauri 23 per  1  1 17 14 30 100 820 630 820   0   0    0   0   0   0   0   0   0   0   0   0   0   0 100 (lib)
Rafa_Silva    23 por  1  1 20 18 30 100 548 119  94   0   0    0   0   0   0   0   0   0   0   0   0   0   0 100 (slb)
Robin_Quaison 23 swe  1  1 18 17 30 100 818 989 873   0   0    0   0   0   0   0   0   0   0   0   0   0   0 100 (lib)
Ross_Barkley  23 eng  1  1 19 17 30 100  32 994 310   0   0    0   0   0   0   0   0   0   0   0   0   0   0 100 (eve)
Thomas_Touré  23 civ  1  1 18 17 30 100 820 680 820   0   0    0   0   0   0   0   0   0   0   0   0   0   0 100 (lib)
Tom_Lawrence  23 wal  1  1 18 15 30 100 760 579 771   0   0    0   0   0   0   0   0   0   0   0   0   0   0 100 (lib)
W_Montoya     23 arg  1  1 17 15 30 100  90 214 768   0   0    0   0   0   0   0   0   0   0   0   0   0   0 100 (sev)
Y_Benzia      23 alg  1  1 19 18 30 100 820 230 820   0   0    0   0   0   0   0   0   0   0   0   0   0   0 100 (lib)
Y_Carrasco    23 bel  1  1 21 19 30 100 566 564 343   0   0    0   0   0   0   0   0   0   0   0   0   0   0 100 (atm)
Adnan_Januzaj 22 bel  1  1 19 16 30 100 820 287 856   0   0    0   0   0   0   0   0   0   0   0   0   0   0 100 (lib)
Andy_Polo     22 per  1  1 18 15 30 100 820 200 820   0   0    0   0   0   0   0   0   0   0   0   0   0   0 100 (lib)
B_Fernandes   22 por  1  1 19 17 30 100 580 170 580   0   0    0   0   0   0   0   0   0   0   0   0   0   0 100 (lib)
B_Silva       22 por  1  1 20 17 30 100 408 628 759   0   0    0   0   0   0   0   0   0   0   0   0   0   0 100 (asm)
Bryan_Rabello 22 chi  1  1 18 16 30 100 818 480 893   0   0    0   0   0   0   0   0   0   0   0   0   0   0 100 (lib)
Carlos_Fierro 22 mex  1  1 18 16 30 100 820  80 820   0   0    0   0   0   0   0   0   0   0   0   0   0   0 100 (lib)
Enzo_Fdez     22 fra  1  1 18 15 30 100 820  80 820   0   0    0   0   0   0   0   0   0   0   0   0   0   0 100 (lib)
Franco_Cervi  22 arg  1  1 19 17 30 100 586 624 899   0   0    0   0   0   0   0   0   0   0   0   0   0   0 100 (slb)
J_Correa      22 arg  1  1 18 16 30 100  90 350 107   0   0    0   0   0   0   0   0   0   0   0   0   0   0 100 (sev)
J_Gallardo    22 mex  1  1 18 16 30 100 566 660 866   0   0    0   0   0   0   0   0   0   0   0   0   0   0 100 (rom)
Louis_Schaub  22 aut  1  1 18 15 30 100 820 720 820   0   0    0   0   0   0   0   0   0   0   0   0   0   0 100 (lib)
M_Benítez     22 arg  1  1 18 16 30 100 820 604 820   0   0    0   0   0   0   0   0   0   0   0   0   0   0 100 (lib)
M_Gacinovic   22 srb  1  1 18 17 30 100 820 930 820   0   0    0   0   0   0   0   0   0   0   0   0   0   0 100 (lib)
M_Gregoritsch 22 aut  1  1 18 16 30 100 820 590 820   0   0    0   0   0   0   0   0   0   0   0   0   0   0 100 (lib)
Otávio        22 bra  1  1 18 17 30 100  84 789 248   0   0    0   0   0   0   0   0   0   0   0   0   0   0 100 (opo)
S_Castillejo  22 esp  1  1 20 18 30 100 572 586 111   0   0    0   0   0   0   0   0   0   0   0   0   0   0 100 (atm)
T_Sekine      22 jpn  1  1 18 17 30 100 820 550 820   0   0    0   0   0   0   0   0   0   0   0   0   0   0 100 (lib)
Óliver_Torres 22 esp  1  1 20 17 30 100 672  81 112   0   0    0   0   0   0   0   0   0   0   0   0   0   0 100 (juv)
Daichi_Kamada 21 jpn  1  1 18 17 30 100 820 290 820   0   0    0   0   0   0   0   0   0   0   0   0   0   0 100 (lib)
F_Mattiello   21 ita  1  1 18 15 30 100 652 162 699   0   0    0   0   0   0   0   0   0   0   0   0   0   0 100 (juv)
G_Boschilia   21 bra  1  1 18 15 30 100 574 687 832   0   0    0   0   0   0   0   0   0   0   0   0   0   0 100 (asm)
G_Martins     21 por  1  1 19 18 30 100 580 778 625   0   0    0   0   0   0   0   0   0   0   0   0   0   0 100 (lib)
Isaac_Mbenza  21 bel  1  1 18 15 30 100 820 200 820   0   0    0   0   0   0   0   0   0   0   0   0   0   0 100 (lib)
L_Öztunali    21 ger  1  1 19 16 30 100 820 260 820   0   0    0   0   0   0   0   0   0   0   0   0   0   0 100 (lib)
Leo_Suárez    21 arg  1  1 18 15 30 100 820 461 820   0   0    0   0   0   0   0   0   0   0   0   0   0   0 100 (lib)
Leroy_Sané    21 ger  1  1 20 18 30 100 518 169 889   0   0    0   0   0   0   0   0   0   0   0   0   0   0 100 (bmu)
Marco_Asensio 21 esp  1  1 20 18 30 100 536 716   5   0   0    0   0   0   0   0   0   0   0   0   0   0   0 100 (rma)
Marko_Rog     21 cro  1  1 19 17 30 100 580 309 860   0   0    0   0   0   0   0   0   0   0   0   0   0   0 100 (psg)
Max_Meyer     21 ger  1  1 19 17 30 100 354 338 603   0   0    0   0   0   0   0   0   0   0   0   0   0   0 100 (juv)
S-E_Khaoui    21 tun  1  1 17 15 30 100 100 244 125   0   0    0   0   0   0   0   0   0   0   0   0   0   0 100 (oma)
Serge_Gnabry  21 ger  1  1 19 17 30 100 820 410 820   0   0    0   0   0   0   0   0   0   0   0   0   0   0 100 (lib)
Thomas_Lemar  21 fra  1  1 20 19 30 100 528 320  34   0   0    0   0   0   0   0   0   0   0   0   0   0   0 100 (asm)
A_Halilovic   20 cro  1  1 19 17 30 100 810 522 869   0   0    0   0   0   0   0   0   0   0   0   0   0   0 100 (lib)
A_Lusamba     20 fra  1  1 18 16 30 100 678 619 687   0   0    0   0   0   0   0   0   0   0   0   0   0   0 100 (nic)
Alan_Acosta   20 mex  1  1 17 14 30 100 820 100 820   0   0    0   0   0   0   0   0   0   0   0   0   0   0 100 (lib)
Ante_Coric    20 cro  1  1 18 17 30 100 820 990 820   0   0    0   0   0   0   0   0   0   0   0   0   0   0 100 (lib)
B_Kapustka    20 pol  1  1 17 15 30 100 100 279 746   0   0    0   0   0   0   0   0   0   0   0   0   0   0 100 (lib)
B_Ramselaar   20 ned  1  1 19 17 30 100 478 554 893   0   0    0   0   0   0   0   0   0   0   0   0   0   0 100 (psv)
C_Musonda     20 bel  1  1 18 17 30 100 108 787 263   0   0    0   0   0   0   0   0   0   0   0   0   0   0 100 (che)
Dele_Alli     20 eng  1  1 20 19 30 100 654 815 125   0   0    0   0   0   0   0   0   0   0   0   0   0   0 100 (tot)
Demarai_Gray  20 eng  1  1 18 15 30 100 102   7 109   0   0    0   0   0   0   0   0   0   0   0   0   0   0 100 (lei)
Donis_Avdijaj 20 kvx  1  1 17 15 30 100 100 900 100   0   0    0   0   0   0   0   0   0   0   0   0   0   0 100 (lib)
Edimilson_F   20 sui  1  1 18 16 30 100 820 350 820   0   0    0   0   0   0   0   0   0   0   0   0   0   0 100 (lib)
G_Lo_Celso    20 arg  1  1 19 17 30 100 650 101 930   0   0    0   0   0   0   0   0   0   0   0   0   0   0 100 (slb)
Jeremie_Boga  20 civ  1  1 18 17 30 100 820 420 820   0   0    0   0   0   0   0   0   0   0   0   0   0   0 100 (lib)
Julian_Brandt 20 ger  1  1 20 17 30 100 666  62 851   0   0    0   0   0   0   0   0   0   0   0   0   0   0 100 (ble)
Lucas_Rguez   20 arg  1  1 18 15 30 100 820 220 820   0   0    0   0   0   0   0   0   0   0   0   0   0   0 100 (lib)
Nadiem_Amiri  20 ger  1  1 19 16 30 100 820 430 820   0   0    0   0   0   0   0   0   0   0   0   0   0   0 100 (lib)
O_Zinchenko   20 ukr  1  1 18 15 30 100 454 777 719   0   0    0   0   0   0   0   0   0   0   0   0   0   0 100 (psv)
Oliver_Burke  20 sco  1  1 18 16 30 100 820 350 820   0   0    0   0   0   0   0   0   0   0   0   0   0   0 100 (lib)
P_Roberts     20 eng  1  1 18 16 30 100 820 481 820   0   0    0   0   0   0   0   0   0   0   0   0   0   0 100 (lib)
Raphinha      20 bra  1  1 19 16 30 100 820 130 820   0   0    0   0   0   0   0   0   0   0   0   0   0   0 100 (lib)
Andrija_Balic 19 cro  1  1 18 16 30 100 816 266 854   0   0    0   0   0   0   0   0   0   0   0   0   0   0 100 (lib)
Cengiz_Ünder  19 tur  1  1 18 17 30 100 820 990 820   0   0    0   0   0   0   0   0   0   0   0   0   0   0 100 (lib)
E_Buendía     19 arg  1  1 18 15 30 100 820 107 820   0   0    0   0   0   0   0   0   0   0   0   0   0   0 100 (lib)
E_Ramírez     19 per  1  1 17 16 30 100 820 870 820   0   0    0   0   0   0   0   0   0   0   0   0   0   0 100 (lib)
F_Chiesa      19 ita  1  1 18 16 30 100 820 740 820   0   0    0   0   0   0   0   0   0   0   0   0   0   0 100 (lib)
Gerson        19 bra  1  1 17 14 30 100 102 120 177   0   0    0   0   0   0   0   0   0   0   0   0   0   0 100 (rom)
Josh_Onomah   19 eng  1  1 18 15 30 100 700 432 813   0   0    0   0   0   0   0   0   0   0   0   0   0   0 100 (tot)
Kenneth_Paal  19 ned  1  1 16 14 30 100 490 970 574   0   0    0   0   0   0   0   0   0   0   0   0   0   0 100 (psv)
Ludovic_Blas  19 fra  1  1 18 16 30 100 820 350 820   0   0    0   0   0   0   0   0   0   0   0   0   0   0 100 (lib)
Nikola_Vlasic 19 cro  1  1 18 15 30 100 820 350 820   0   0    0   0   0   0   0   0   0   0   0   0   0   0 100 (lib)
R-P_Lundqvist 19 swe  1  1 17 14 30 100 478 345 642   0   0    0   0   0   0   0   0   0   0   0   0   0   0 100 (psv)
Ritsu_Doan    19 jpn  1  2 18 16 30 100 820  30 820   0   0    0   0   0   0   0   0   0   0   0   0   0   0 100 (lib)
Sheyi_Ojo     19 eng  1  1 17 14 30 100 580 438 777   0   0    0   0   0   0   0   0   0   0   0   0   0   0 100 (liv)
Tomás_Andrade 19 arg  1  1 18 15 30 100 820 100 820   0   0    0   0   0   0   0   0   0   0   0   0   0   0 100 (lib)
E_Barco       18 arg  1  1 18 15 30 100 820 220 820   0   0    0   0   0   0   0   0   0   0   0   0   0   0 100 (lib)
Fabian_Benko  18 cro  1  1 17 14 30 100 820 200 820   0   0    0   0   0   0   0   0   0   0   0   0   0   0 100 (lib)
Josip_Brekalo 18 cro  1  1 17 14 30 100  58 341 179   0   0    0   0   0   0   0   0   0   0   0   0   0   0 100 (ajx)
Leandrinho    18 bra  1  1 17 14 30 100  68 233 198   0   0    0   0   0   0   0   0   0   0   0   0   0   0 100 (ajx)
M_Odegaard    18 nor  1  1 18 16 30 100 462 334 506   0   0    0   0   0   0   0   0   0   0   0   0   0   0 100 (ajx)
B_Figueroa    17 mex  1  1 17 15 30 100 820 570 820   0   0    0   0   0   0   0   0   0   0   0   0   0   0 100 (rom)
Kai_Havertz   17 ger  1  1 17 15 30 100  70 670 289   0   0    0   0   0   0   0   0   0   0   0   0   0   0 100 (ajx)
