Name         Age Nat St Tk Ps Sh Ag KAb TAb PAb SAb Gam Sub  Min Mom Sav Con Ktk Kps Sht Gls Ass  DP Inj Sus Fit
----------------------------------------------------------------------------------------------------------------
Leao_Butrón   40 per 18  1  1  1 30 390 100 100 100   0   0    0   0   0   0   0   0   0   0   0   0   0   0 100 (lib)
M_De_Sanctis  40 ita 18  1  1  1 30 830 100 100 100   0   0    0   0   0   0   0   0   0   0   0   0   0   0 100 (lib)
Marco_Storari 40 ita 18  1  1  1 30 643 100 100 100   0   0    0   0   0   0   0   0   0   0   0   0   0   0 100 (mil)
A_Manninger   39 aut 18  1  1  1 30  81 100 100 100   0   0    0   0   0   0   0   0   0   0   0   0   0   0 100 (liv)
Bogdan_Lobont 39 rou 17  1  1  1 30 195 100 100 100   0   0    0   0   0   0   0   0   0   0   0   0   0   0 100 (rom)
G_Buffon      39 ita 23  1  1  1 30  72 100 100 100   0   0    0   0   0   0   0   0   0   0   0   0   0   0 100 (juv)
Artur_Boruc   37 pol 18  1  1  1 30 680 100 100 100   0   0    0   0   0   0   0   0   0   0   0   0   0   0 100 (lib)
Júlio_César   37 bra 19  1  1  1 30 503 100 100 100   0   0    0   0   0   0   0   0   0   0   0   0   0   0 100 (slb)
Diederik_Boer 36 ned 17  1  1  1 30 810 100 100 100   0   0    0   0   0   0   0   0   0   0   0   0   0   0 100 (lib)
J_de_J_Corona 36 mex 18  1  1  1 30 713 100 100 100   0   0    0   0   0   0   0   0   0   0   0   0   0   0 100 (lib)
Tom_Starke    36 ger 18  1  1  1 30 200 100 100 100   0   0    0   0   0   0   0   0   0   0   0   0   0   0 100 (lib)
Weidenfeller  36 ger 18  1  1  1 30 993 100 100 100   0   0    0   0   0   0   0   0   0   0   0   0   0   0 100 (bdo)
Guyan_Kante   35 civ 17  1  1  1 30 570 100 100 100   0   0    0   0   0   0   0   0   0   0   0   0   0   0 100 (lib)
Iker_Casillas 35 esp 19  1  1  1 30 311 100 100 100   0   0    0   0   0   0   0   0   0   0   0   0   0   0 100 (opo)
M_Gspurning   35 aut 17  1  1  1 30 685 100 100 100   0   0    0   0   0   0   0   0   0   0   0   0   0   0 100 (lib)
T_Hayashi     35 jpn 17  1  1  1 30 570 100 100 100   0   0    0   0   0   0   0   0   0   0   0   0   0   0 100 (lib)
W_Caballero   35 arg 19  1  1  1 30  78 100 100 100   0   0    0   0   0   0   0   0   0   0   0   0   0   0 100 (mci)
A_Talavera    34 mex 18  1  1  1 30 883 100 100 100   0   0    0   0   0   0   0   0   0   0   0   0   0   0 100 (lib)
Ben_Foster    34 eng 19  1  1  1 30 450 100 100 100   0   0    0   0   0   0   0   0   0   0   0   0   0   0 100 (lib)
Beto          34 por 18  1  1  1 30 840 100 100 100   0   0    0   0   0   0   0   0   0   0   0   0   0   0 100 (lib)
Boaz_Myhill   34 wal 18  1  1  1 30 276 100 100 100   0   0    0   0   0   0   0   0   0   0   0   0   0   0 100 (lib)
D_González    34 col 18  1  1  1 30 110 100 100 100   0   0    0   0   0   0   0   0   0   0   0   0   0   0 100 (lib)
E_Kawashima   34 jpn 18  1  1  1 30 550 100 100 100   0   0    0   0   0   0   0   0   0   0   0   0   0   0 100 (lib)
Eduardo       34 por 18  1  1  1 30 132 100 100 100   0   0    0   0   0   0   0   0   0   0   0   0   0   0 100 (che)
F_Marchetti   34 ita 19  1  1  1 30 450 100 100 100   0   0    0   0   0   0   0   0   0   0   0   0   0   0 100 (lib)
K_S_Ellegaard 34 den 18  1  1  1 30 550 100 100 100   0   0    0   0   0   0   0   0   0   0   0   0   0   0 100 (lib)
Pepe_Reina    34 esp 20  1  1  1 30 488 100 100 100   0   0    0   0   0   0   0   0   0   0   0   0   0   0 100 (nap)
Petr_Cech     34 cze 22  1  1  1 30  27 100 100 100   0   0    0   0   0   0   0   0   0   0   0   0   0   0 100 (ars)
Stekelenburg  34 ned 18  1  1  1 30 105 100 100 100   0   0    0   0   0   0   0   0   0   0   0   0   0   0 100 (eve)
Tommaso_Berni 34 ita 16  1  1  1 30 795 100 100 100   0   0    0   0   0   0   0   0   0   0   0   0   0   0 100 (int)
V_Stojkovic   34 srb 18  1  1  1 30 550 100 100 100   0   0    0   0   0   0   0   0   0   0   0   0   0   0 100 (lib)
Yohann_Pelé   34 fra 19  1  1  1 30 290 100 100 100   0   0    0   0   0   0   0   0   0   0   0   0   0   0 100 (oma)
A_Lindegaard  33 den 18  1  1  1 30  30 100 100 100   0   0    0   0   0   0   0   0   0   0   0   0   0   0 100 (lib)
Claudio_Bravo 33 chi 22  1  1  1 30 849 100 100 100   0   0    0   0   0   0   0   0   0   0   0   0   0   0 100 (mci)
D_Benaglio    33 sui 19  1  1  1 30 670 100 100 100   0   0    0   0   0   0   0   0   0   0   0   0   0   0 100 (lib)
L_Castellanos 33 col 18  1  1  1 30 611 100 100 100   0   0    0   0   0   0   0   0   0   0   0   0   0   0 100 (lib)
Michel_Vorm   33 ned 20  1  1  1 30  11 100 100 100   0   0    0   0   0   0   0   0   0   0   0   0   0   0 100 (tot)
Miguel_Pinto  33 chi 18  1  1  1 30  80 100 100 100   0   0    0   0   0   0   0   0   0   0   0   0   0   0 100 (lib)
Remko_Pasveer 33 ned 18  1  1  1 30 521 100 100 100   0   0    0   0   0   0   0   0   0   0   0   0   0   0 100 (psv)
Robert_Almer  33 aut 18  1  1  1 30 600 100 100 100   0   0    0   0   0   0   0   0   0   0   0   0   0   0 100 (lib)
S_Libman      33 per 17  1  1  1 30 960 100 100 100   0   0    0   0   0   0   0   0   0   0   0   0   0   0 100 (lib)
Silvio_Proto  33 bel 19  1  1  1 30 290 100 100 100   0   0    0   0   0   0   0   0   0   0   0   0   0   0 100 (lib)
A_Karim_Cissé 32 civ 17  1  1  1 30 570 100 100 100   0   0    0   0   0   0   0   0   0   0   0   0   0   0 100 (lib)
D_Subasic     32 cro 21  1  1  1 30 939 100 100 100   0   0    0   0   0   0   0   0   0   0   0   0   0   0 100 (asm)
David_Ousted  32 den 18  1  1  1 30 680 100 100 100   0   0    0   0   0   0   0   0   0   0   0   0   0   0 100 (lib)
E_Jakupovic   32 sui 18  1  1  1 30 210 100 100 100   0   0    0   0   0   0   0   0   0   0   0   0   0   0 100 (lib)
J_P_Carrizo   32 arg 18  1  1  1 30 680 100 100 100   0   0    0   0   0   0   0   0   0   0   0   0   0   0 100 (int)
Jesper_Hansen 32 den 18  1  1  1 30 680 100 100 100   0   0    0   0   0   0   0   0   0   0   0   0   0   0 100 (lib)
M_Andújar     32 arg 19  1  1  1 30 290 100 100 100   0   0    0   0   0   0   0   0   0   0   0   0   0   0 100 (lib)
M_Barbosa     32 arg 18  1  1  1 30 280  98  98  98   0   0    0   0   0   0   0   0   0   0   0   0   0   0 100 (vil)
M_Langer      32 aut 18  1  1  1 30 210 100 100 100   0   0    0   0   0   0   0   0   0   0   0   0   0   0 100 (lib)
M_Zemmamouche 32 alg 17  1  1  1 30 570 100 100 100   0   0    0   0   0   0   0   0   0   0   0   0   0   0 100 (lib)
M_Ángel_Moyá  32 esp 20  1  1  1 30 264 100 100 100   0   0    0   0   0   0   0   0   0   0   0   0   0   0 100 (atm)
Paulo_Garcés  32 chi 18  1  1  1 30 396 100 100 100   0   0    0   0   0   0   0   0   0   0   0   0   0   0 100 (lib)
Pawel_Kieszek 32 pol 18  1  1  1 30 341 100 100 100   0   0    0   0   0   0   0   0   0   0   0   0   0   0 100 (lib)
Ramazan_Özcan 32 aut 20  1  1  1 30 244 100 100 100   0   0    0   0   0   0   0   0   0   0   0   0   0   0 100 (ble)
S_Handanovic  32 svn 23  1  1  1 30  68 100 100 100   0   0    0   0   0   0   0   0   0   0   0   0   0   0 100 (int)
S_Mandanda    32 fra 20  1  1  1 30 643 100 100 100   0   0    0   0   0   0   0   0   0   0   0   0   0   0 100 (lib)
V_Angban      32 civ 16  1  1  1 30 910 100 100 100   0   0    0   0   0   0   0   0   0   0   0   0   0   0 100 (lib)
A_Doukha      31 alg 17  1  1  1 30 570 100 100 100   0   0    0   0   0   0   0   0   0   0   0   0   0   0 100 (lib)
B_Ali_Sangaré 31 civ 18  1  1  1 30  30 100 100 100   0   0    0   0   0   0   0   0   0   0   0   0   0   0 100 (lib)
Diego_Alves   31 bra 21  1  1  1 30 524 100 100 100   0   0    0   0   0   0   0   0   0   0   0   0   0   0 100 (val)
E_Viviano     31 ita 20  1  1  1 30 220 100 100 100   0   0    0   0   0   0   0   0   0   0   0   0   0   0 100 (lib)
G_Ochoa       31 mex 20  1  1  1 30  94 100 100 100   0   0    0   0   0   0   0   0   0   0   0   0   0   0 100 (lib)
Higashiguchi  31 jpn 18  1  1  1 30 550 100 100 100   0   0    0   0   0   0   0   0   0   0   0   0   0   0 100 (lib)
José_Carvallo 31 per 18  1  1  1 30 450 100 100 100   0   0    0   0   0   0   0   0   0   0   0   0   0   0 100 (lib)
José_Cuadrado 31 col 18  1  1  1 30 653 100 100 100   0   0    0   0   0   0   0   0   0   0   0   0   0   0 100 (lib)
K_Vermeer     31 ned 19  1  1  1 30 506 100 100 100   0   0    0   0   0   0   0   0   0   0   0   0   0   0 100 (lib)
L_Fabianski   31 pol 19  1  1  1 30 916 100 100 100   0   0    0   0   0   0   0   0   0   0   0   0   0   0 100 (lib)
Malik_Asselah 31 alg 18  1  1  1 30  30 100 100 100   0   0    0   0   0   0   0   0   0   0   0   0   0   0 100 (lib)
Manuel_Neuer  31 ger 25  1  1  1 30 249 100 100 100   0   0    0   0   0   0   0   0   0   0   0   0   0   0 100 (bmu)
Raïs_M'Bolhi  31 alg 18  1  1  1 30  30 100 100 100   0   0    0   0   0   0   0   0   0   0   0   0   0   0 100 (lib)
S_Nishikawa   31 jpn 18  1  1  1 30 290 100 100 100   0   0    0   0   0   0   0   0   0   0   0   0   0   0 100 (lib)
Simon_Pouplin 31 fra 17  1  1  1 30 960 100 100 100   0   0    0   0   0   0   0   0   0   0   0   0   0   0 100 (lib)
Zeljko_Brkic  31 srb 18  1  1  1 30 290 100 100 100   0   0    0   0   0   0   0   0   0   0   0   0   0   0 100 (lib)
A_Consigli    30 ita 20  1  1  1 30 220 100 100 100   0   0    0   0   0   0   0   0   0   0   0   0   0   0 100 (lib)
A_Hayashi     30 jpn 17  1  1  1 30 680 100 100 100   0   0    0   0   0   0   0   0   0   0   0   0   0   0 100 (lib)
Adrián        30 esp 19  1  1  1 30 870 100 100 100   0   0    0   0   0   0   0   0   0   0   0   0   0   0 100 (lib)
Andrés_Fdez   30 esp 18  1  1  1 30 808 100 100 100   0   0    0   0   0   0   0   0   0   0   0   0   0   0 100 (vil)
F_Muslera     30 uru 20  1  1  1 30 921 100 100 100   0   0    0   0   0   0   0   0   0   0   0   0   0   0 100 (lib)
H_Djemili     30 alg 18  1  1  1 30  30 100 100 100   0   0    0   0   0   0   0   0   0   0   0   0   0   0 100 (lib)
Hugo_Lloris   30 fra 23  1  1  1 30 730 100 100 100   0   0    0   0   0   0   0   0   0   0   0   0   0   0 100 (tot)
Ivan_Vargic   30 cro 18  1  1  1 30  80 100 100 100   0   0    0   0   0   0   0   0   0   0   0   0   0   0 100 (lib)
J_Orozco      30 mex 19  1  1  1 30 140 100 100 100   0   0    0   0   0   0   0   0   0   0   0   0   0   0 100 (lib)
John_Ruddy    30 eng 18  1  1  1 30 673 100 100 100   0   0    0   0   0   0   0   0   0   0   0   0   0   0 100 (lib)
K_Schmeichel  30 den 21  1  1  1 30 429 100 100 100   0   0    0   0   0   0   0   0   0   0   0   0   0   0 100 (lei)
Keylor_Navas  30 crc 20  1  1  1 30 802 100 100 100   0   0    0   0   0   0   0   0   0   0   0   0   0   0 100 (che)
Kiko_Casilla  30 esp 19  1  1  1 30 750 100 100 100   0   0    0   0   0   0   0   0   0   0   0   0   0   0 100 (rma)
Marco_Knaller 30 aut 18  1  1  1 30 210 100 100 100   0   0    0   0   0   0   0   0   0   0   0   0   0   0 100 (lib)
Nahuel_Guzmán 30 arg 19  1  1  1 30 440 100 100 100   0   0    0   0   0   0   0   0   0   0   0   0   0   0 100 (lib)
P_Tyton       30 pol 19  1  1  1 30 112 100 100 100   0   0    0   0   0   0   0   0   0   0   0   0   0   0 100 (lib)
Par_Hansson   30 swe 18  1  1  1 30 210 100 100 100   0   0    0   0   0   0   0   0   0   0   0   0   0   0 100 (lib)
Robbin_Ruiter 30 ned 18  1  1  1 30 850 100 100 100   0   0    0   0   0   0   0   0   0   0   0   0   0   0 100 (lib)
S_Ruffier     30 fra 20  1  1  1 30 905 100 100 100   0   0    0   0   0   0   0   0   0   0   0   0   0   0 100 (lib)
S_Sirigu      30 ita 19  1  1  1 30 870 100 100 100   0   0    0   0   0   0   0   0   0   0   0   0   0   0 100 (lib)
S_Álvarez     30 esp 19  1  1  1 30 290 100 100 100   0   0    0   0   0   0   0   0   0   0   0   0   0   0 100 (lib)
Sebas_Sosa    30 uru 18  1  1  1 30 341 100 100 100   0   0    0   0   0   0   0   0   0   0   0   0   0   0 100 (lib)
Sergio_Romero 30 arg 19  1  1  1 30 831 100 100 100   0   0    0   0   0   0   0   0   0   0   0   0   0   0 100 (ars)
Tom_Heaton    30 eng 19  1  1  1 30 590 100 100 100   0   0    0   0   0   0   0   0   0   0   0   0   0   0 100 (lib)
W_Hennessey   30 wal 19  1  1  1 30 405 100 100 100   0   0    0   0   0   0   0   0   0   0   0   0   0   0 100 (lib)
Yuji_Rokutan  30 jpn 17  1  1  1 30 570 100 100 100   0   0    0   0   0   0   0   0   0   0   0   0   0   0 100 (lib)
Andreas_Lukse 29 aut 18  1  1  1 30  80 100 100 100   0   0    0   0   0   0   0   0   0   0   0   0   0   0 100 (lib)
Antonio_Adán  29 esp 20  1  1  1 30  90 100 100 100   0   0    0   0   0   0   0   0   0   0   0   0   0   0 100 (lib)
Asmir_Begovic 29 bih 20  1  1  1 30 632 100 100 100   0   0    0   0   0   0   0   0   0   0   0   0   0   0 100 (psg)
Ben_Hamer     29 eng 16  1  1  1 30 950 100 100 100   0   0    0   0   0   0   0   0   0   0   0   0   0   0 100 (lei)
Benoît_Costil 29 fra 20  1  1  1 30 270 100 100 100   0   0    0   0   0   0   0   0   0   0   0   0   0   0 100 (lib)
Denis_Petric  29 srb 18  1  1  1 30 290 100 100 100   0   0    0   0   0   0   0   0   0   0   0   0   0   0 100 (lib)
Diego_Sánchez 29 chi 18  1  1  1 30  10 100 100 100   0   0    0   0   0   0   0   0   0   0   0   0   0   0 100 (lib)
F_Forster     29 eng 19  1  1  1 30 490 100 100 100   0   0    0   0   0   0   0   0   0   0   0   0   0   0 100 (lib)
Goicoechea    29 uru 18  1  1  1 30 260 100 100 100   0   0    0   0   0   0   0   0   0   0   0   0   0   0 100 (lib)
J_Hopf        29 swe 19  1  1  1 30 429 100 100 100   0   0    0   0   0   0   0   0   0   0   0   0   0   0 100 (lib)
Joe_Hart      29 eng 21  1  1  1 30 382 100 100 100   0   0    0   0   0   0   0   0   0   0   0   0   0   0 100 (lib)
Marafona      29 por 19  1  1  1 30 226 100 100 100   0   0    0   0   0   0   0   0   0   0   0   0   0   0 100 (lib)
Marvwin_Hitz  29 sui 19  1  1  1 30 920 100 100 100   0   0    0   0   0   0   0   0   0   0   0   0   0   0 100 (lib)
Rodolfo_Cota  29 mex 18  1  1  1 30 520 100 100 100   0   0    0   0   0   0   0   0   0   0   0   0   0   0 100 (lib)
Rui_Patrício  29 por 21  1  1  1 30 623 100 100 100   0   0    0   0   0   0   0   0   0   0   0   0   0   0 100 (rma)
Rémy_Riou     29 fra 19  1  1  1 30 340 100 100 100   0   0    0   0   0   0   0   0   0   0   0   0   0   0 100 (lib)
S_Mignolet    29 bel 19  1  1  1 30 696 100 100 100   0   0    0   0   0   0   0   0   0   0   0   0   0   0 100 (liv)
Tim_Krul      29 ned 19  1  1  1 30 490 100 100 100   0   0    0   0   0   0   0   0   0   0   0   0   0   0 100 (lib)
Ádám_Bogdán   29 hun 18  1  1  1 30 400 100 100 100   0   0    0   0   0   0   0   0   0   0   0   0   0   0 100 (liv)
C_Rodríguez   28 mex 18  1  1  1 30 520 100 100 100   0   0    0   0   0   0   0   0   0   0   0   0   0   0 100 (lib)
C_Toselli     28 chi 19  1  1  1 30 108 100 100 100   0   0    0   0   0   0   0   0   0   0   0   0   0   0 100 (lib)
Camilo_Vargas 28 col 19  1  1  1 30 123 100 100 100   0   0    0   0   0   0   0   0   0   0   0   0   0   0 100 (lib)
David_Ospina  28 col 20  1  1  1 30 340 100 100 100   0   0    0   0   0   0   0   0   0   0   0   0   0   0 100 (mun)
Erwin_Mulder  28 ned 18  1  1  1 30 900 100 100 100   0   0    0   0   0   0   0   0   0   0   0   0   0   0 100 (lib)
G_Sara        28 arg 18  1  1  1 30 900 100 100 100   0   0    0   0   0   0   0   0   0   0   0   0   0   0 100 (lib)
Jonas_Lössl   28 den 19  1  1  1 30  80 100 100 100   0   0    0   0   0   0   0   0   0   0   0   0   0   0 100 (lib)
Jordi_Masip   28 esp 18  1  1  1 30 140 100 100 100   0   0    0   0   0   0   0   0   0   0   0   0   0   0 100 (bar)
M_Andersen    28 den 18  1  1  1 30  30 100 100 100   0   0    0   0   0   0   0   0   0   0   0   0   0   0 100 (lib)
Paulo_Lopes   28 por 18  1  1  1 30  20 100 100 100   0   0    0   0   0   0   0   0   0   0   0   0   0   0 100 (lib)
R-R_Zieler    28 ger 19  1  1  1 30 555 100 100 100   0   0    0   0   0   0   0   0   0   0   0   0   0   0 100 (lei)
Ralf_Fährmann 28 ger 21  1  1  1 30 695 100 100 100   0   0    0   0   0   0   0   0   0   0   0   0   0   0 100 (s04)
S_Gbohouo     28 civ 17  1  1  1 30 900 100 100 100   0   0    0   0   0   0   0   0   0   0   0   0   0   0 100 (lib)
Sven_Ulreich  28 ger 19  1  1  1 30 399 100 100 100   0   0    0   0   0   0   0   0   0   0   0   0   0   0 100 (bmu)
Yann_Sommer   28 sui 20  1  1  1 30 476 100 100 100   0   0    0   0   0   0   0   0   0   0   0   0   0   0 100 (lib)
Z_Zivkovic    28 srb 18  1  1  1 30 290 100 100 100   0   0    0   0   0   0   0   0   0   0   0   0   0   0 100 (lib)
C_Rahmani     27 alg 17  1  1  1 30 680 100 100 100   0   0    0   0   0   0   0   0   0   0   0   0   0   0 100 (lib)
Eder_Hermoza  27 per 17  1  1  1 30 630 100 100 100   0   0    0   0   0   0   0   0   0   0   0   0   0   0 100 (lib)
F_Kljajic     27 srb 18  1  1  1 30 290 100 100 100   0   0    0   0   0   0   0   0   0   0   0   0   0   0 100 (lib)
F_Monetti     27 arg 19  1  1  1 30 190 100 100 100   0   0    0   0   0   0   0   0   0   0   0   0   0   0 100 (lib)
Ibrahim_Koné  27 civ 17  1  1  1 30 900 100 100 100   0   0    0   0   0   0   0   0   0   0   0   0   0   0 100 (lib)
J_Cillessen   27 ned 20  1  1  1 30 288 100 100 100   0   0    0   0   0   0   0   0   0   0   0   0   0   0 100 (bar)
J_Siebenhandl 27 aut 17  1  1  1 30 880 100 100 100   0   0    0   0   0   0   0   0   0   0   0   0   0   0 100 (lib)
K-J_Johnsson  27 swe 18  1  1  1 30 922 100 100 100   0   0    0   0   0   0   0   0   0   0   0   0   0   0 100 (lib)
K_Nordfeldt   27 swe 18  1  1  1 30 650 100 100 100   0   0    0   0   0   0   0   0   0   0   0   0   0   0 100 (lib)
Lovre_Kalinic 27 cro 19  1  1  1 30 107 100 100 100   0   0    0   0   0   0   0   0   0   0   0   0   0   0 100 (lib)
M_Campaña     27 uru 19  1  1  1 30 340 100 100 100   0   0    0   0   0   0   0   0   0   0   0   0   0   0 100 (lib)
Martin_Hansen 27 den 18  1  1  1 30 680 100 100 100   0   0    0   0   0   0   0   0   0   0   0   0   0   0 100 (lib)
Neto          27 bra 20  1  1  1 30  12 100 100 100   0   0    0   0   0   0   0   0   0   0   0   0   0   0 100 (juv)
Pedro_Gallese 27 per 19  1  1  1 30 900 100 100 100   0   0    0   0   0   0   0   0   0   0   0   0   0   0 100 (lib)
Robin_Olsen   27 swe 18  1  1  1 30 520 100 100 100   0   0    0   0   0   0   0   0   0   0   0   0   0   0 100 (lib)
Sergio_Asenjo 27 esp 21  1  1  1 30 358 100 100 100   0   0    0   0   0   0   0   0   0   0   0   0   0   0 100 (vil)
T_Morita      27 jpn 17  1  1  1 30 460 100 100 100   0   0    0   0   0   0   0   0   0   0   0   0   0   0 100 (lib)
Anthony_Lopes 26 por 21  1  1  1 30 195 100 100 100   0   0    0   0   0   0   0   0   0   0   0   0   0   0 100 (lyo)
Chris_Maxwell 26 wal 18  1  1  1 30 110 100 100 100   0   0    0   0   0   0   0   0   0   0   0   0   0   0 100 (lib)
David_de_Gea  26 esp 24  1  1  1 30 521 100 100 100   0   0    0   0   0   0   0   0   0   0   0   0   0   0 100 (bar)
Heinz_Lindner 26 aut 18  1  1  1 30 431 100 100 100   0   0    0   0   0   0   0   0   0   0   0   0   0   0 100 (lib)
J_Doménech    26 esp 18  1  1  1 30 469 100 100 100   0   0    0   0   0   0   0   0   0   0   0   0   0   0 100 (val)
Jeroen_Zoet   26 ned 22  1  1  1 30  21 100 100 100   0   0    0   0   0   0   0   0   0   0   0   0   0   0 100 (psv)
Joel_Robles   26 esp 20  1  1  1 30 240 100 100 100   0   0    0   0   0   0   0   0   0   0   0   0   0   0 100 (eve)
Kevin_Trapp   26 ger 21  1  1  1 30 589 100 100 100   0   0    0   0   0   0   0   0   0   0   0   0   0   0 100 (psg)
M_Gorgelin    26 fra 17  1  1  1 30 539 100 100 100   0   0    0   0   0   0   0   0   0   0   0   0   0   0 100 (lyo)
M_Zeghba      26 alg 17  1  1  1 30 680 100 100 100   0   0    0   0   0   0   0   0   0   0   0   0   0   0 100 (lib)
Mehdi_Jeannin 26 alg 17  1  1  1 30 680 100 100 100   0   0    0   0   0   0   0   0   0   0   0   0   0   0 100 (lib)
Mika          26 por 18  1  1  1 30 490 100 100 100   0   0    0   0   0   0   0   0   0   0   0   0   0   0 100 (lib)
N_Larsen      26 den 17  1  1  1 30 900 100 100 100   0   0    0   0   0   0   0   0   0   0   0   0   0   0 100 (lib)
Rafael        26 bra 18  1  1  1 30 837 100 100 100   0   0    0   0   0   0   0   0   0   0   0   0   0   0 100 (mun)
Roman_Bürki   26 sui 22  1  1  1 30 920 100 100 100   0   0    0   0   0   0   0   0   0   0   0   0   0   0 100 (bdo)
Sergio_Padt   26 ned 19  1  1  1 30  80 100 100 100   0   0    0   0   0   0   0   0   0   0   0   0   0   0 100 (lib)
W_Szczesny    26 pol 21  1  1  1 30 801 100 100 100   0   0    0   0   0   0   0   0   0   0   0   0   0   0 100 (rom)
Bernd_Leno    25 ger 23  1  1  1 30  26 100 100 100   0   0    0   0   0   0   0   0   0   0   0   0   0   0 100 (ble)
Carlos_Cáceda 25 per 18  1  1  1 30 510 100 100 100   0   0    0   0   0   0   0   0   0   0   0   0   0   0 100 (lib)
David_Jensen  25 den 19  1  1  1 30  80 100 100 100   0   0    0   0   0   0   0   0   0   0   0   0   0   0 100 (lib)
F_Rönnow      25 den 18  1  1  1 30 930 100 100 100   0   0    0   0   0   0   0   0   0   0   0   0   0   0 100 (lib)
J_Haugaard    25 den 17  1  1  1 30 460 100 100 100   0   0    0   0   0   0   0   0   0   0   0   0   0   0 100 (lib)
L_Skorupski   25 pol 19  1  1  1 30 230 100 100 100   0   0    0   0   0   0   0   0   0   0   0   0   0   0 100 (lib)
Luigi_Sepe    25 ita 18  1  1  1 30 820 100 100 100   0   0    0   0   0   0   0   0   0   0   0   0   0   0 100 (nap)
M_Dmitrovic   25 srb 18  1  1  1 30 930 100 100 100   0   0    0   0   0   0   0   0   0   0   0   0   0   0 100 (lib)
Matz_Sels     25 bel 19  1  1  1 30  80 100 100 100   0   0    0   0   0   0   0   0   0   0   0   0   0   0 100 (lib)
N_Stefanovic  25 srb 18  1  1  1 30  30 100 100 100   0   0    0   0   0   0   0   0   0   0   0   0   0   0 100 (lib)
A_Aréola      24 fra 20  1  1  1 30 287 100 100 100   0   0    0   0   0   0   0   0   0   0   0   0   0   0 100 (rma)
A_Jovanovic   24 srb 17  1  1  1 30 460 100 100 100   0   0    0   0   0   0   0   0   0   0   0   0   0   0 100 (lib)
A_Salhi       24 alg 17  1  1  1 30  20 100 100 100   0   0    0   0   0   0   0   0   0   0   0   0   0   0 100 (lib)
Alisson       24 bra 19  1  1  1 30 739 100 100 100   0   0    0   0   0   0   0   0   0   0   0   0   0   0 100 (rom)
C_Coosemans   24 bel 18  1  1  1 30 300 100 100 100   0   0    0   0   0   0   0   0   0   0   0   0   0   0 100 (lib)
E_Martínez    24 arg 18  1  1  1 30  99 100 100 100   0   0    0   0   0   0   0   0   0   0   0   0   0   0 100 (lib)
G_Rulli       24 arg 22  1  1  1 30  28 100 100 100   0   0    0   0   0   0   0   0   0   0   0   0   0   0 100 (opo)
Jack_Butland  24 eng 20  1  1  1 30 310 100 100 100   0   0    0   0   0   0   0   0   0   0   0   0   0   0 100 (lib)
Jakob_Busk    24 den 18  1  1  1 30 290 100 100 100   0   0    0   0   0   0   0   0   0   0   0   0   0   0 100 (lib)
Jan_Oblak     24 svn 22  1  1  1 30 969 100 100 100   0   0    0   0   0   0   0   0   0   0   0   0   0   0 100 (atm)
José_Sá       24 por 18  1  1  1 30 520 100 100 100   0   0    0   0   0   0   0   0   0   0   0   0   0   0 100 (opo)
Koen_Casteels 24 bel 19  1  1  1 30 530 100 100 100   0   0    0   0   0   0   0   0   0   0   0   0   0   0 100 (lib)
M_Sportiello  24 ita 19  1  1  1 30 960 100 100 100   0   0    0   0   0   0   0   0   0   0   0   0   0   0 100 (lib)
M_ter_Stegen  24 ger 21  1  1  1 30 596 100 100 100   0   0    0   0   0   0   0   0   0   0   0   0   0   0 100 (mun)
Mandé_Sayouba 24 civ 18  1  1  1 30 160 100 100 100   0   0    0   0   0   0   0   0   0   0   0   0   0   0 100 (lib)
Matej_Delac   24 cro 18  1  1  1 30 170 100 100 100   0   0    0   0   0   0   0   0   0   0   0   0   0   0 100 (lib)
Mattia_Perin  24 ita 21  1  1  1 30 643 100 100 100   0   0    0   0   0   0   0   0   0   0   0   0   0   0 100 (nap)
Nicola_Leali  24 ita 18  1  1  1 30 431 100 100 100   0   0    0   0   0   0   0   0   0   0   0   0   0   0 100 (lib)
R_Strebinger  24 aut 18  1  1  1 30  50 100 100 100   0   0    0   0   0   0   0   0   0   0   0   0   0   0 100 (lib)
Sergio_Rochet 24 uru 18  1  1  1 30 437 100 100 100   0   0    0   0   0   0   0   0   0   0   0   0   0   0 100 (lib)
T_Courtois    24 bel 23  1  1  1 30 878 100 100 100   0   0    0   0   0   0   0   0   0   0   0   0   0   0 100 (che)
W_Benítez     24 arg 18  1  1  1 30 236 100 100 100   0   0    0   0   0   0   0   0   0   0   0   0   0   0 100 (nic)
C_Bonilla     23 col 18  1  1  1 30 286 100 100 100   0   0    0   0   0   0   0   0   0   0   0   0   0   0 100 (lib)
Danny_Ward    23 wal 18  1  1  1 30 200 100 100 100   0   0    0   0   0   0   0   0   0   0   0   0   0   0 100 (lib)
David_Soria   23 esp 18  1  1  1 30 113 100 100 100   0   0    0   0   0   0   0   0   0   0   0   0   0   0 100 (sev)
Ederson       23 bra 22  1  1  1 30 116 100 100 100   0   0    0   0   0   0   0   0   0   0   0   0   0   0 100 (slb)
Farid_Chaâl   23 alg 17  1  1  1 30  20 100 100 100   0   0    0   0   0   0   0   0   0   0   0   0   0   0 100 (lib)
G_Hubert      23 bel 18  1  1  1 30 590 100 100 100   0   0    0   0   0   0   0   0   0   0   0   0   0   0 100 (lib)
Gibrán_Lajud  23 mex 18  1  1  1 30 330 100 100 100   0   0    0   0   0   0   0   0   0   0   0   0   0   0 100 (lib)
H_Bonmann     23 ger 17  1  1  1 30 170 100 100 100   0   0    0   0   0   0   0   0   0   0   0   0   0   0 100 (bdo)
Hidde_Jurjus  23 ned 18  1  1  1 30 234 100 100 100   0   0    0   0   0   0   0   0   0   0   0   0   0   0 100 (psv)
J_Pickford    23 eng 19  1  1  1 30 260 100 100 100   0   0    0   0   0   0   0   0   0   0   0   0   0   0 100 (lib)
Loris_Karius  23 ger 22  1  1  1 30 549 100 100 100   0   0    0   0   0   0   0   0   0   0   0   0   0   0 100 (liv)
Luuk_Koopmans 23 ned 17  1  1  1 30 705 100 100 100   0   0    0   0   0   0   0   0   0   0   0   0   0   0 100 (psv)
Niklas_Lomb   23 ger 17  1  1  1 30 611 100 100 100   0   0    0   0   0   0   0   0   0   0   0   0   0   0 100 (ble)
Ruben_Yañez   23 esp 17  1  1  1 30 950 100 100 100   0   0    0   0   0   0   0   0   0   0   0   0   0   0 100 (lib)
Sergio_Rico   23 esp 21  1  1  1 30 219 100 100 100   0   0    0   0   0   0   0   0   0   0   0   0   0   0 100 (sev)
Timo_Horn     23 ger 21  1  1  1 30  11 100 100 100   0   0    0   0   0   0   0   0   0   0   0   0   0   0 100 (ars)
Y_Cardinale   23 fra 21  1  1  1 30 230 100 100 100   0   0    0   0   0   0   0   0   0   0   0   0   0   0 100 (nic)
Ángelo_Campos 23 per 17  1  1  1 30 720 100 100 100   0   0    0   0   0   0   0   0   0   0   0   0   0   0 100 (lib)
Arrizabalaga  22 esp 19  1  1  1 30 710 100 100 100   0   0    0   0   0   0   0   0   0   0   0   0   0   0 100 (lib)
Axel_Kacou    22 civ 17  1  1  1 30  20 100 100 100   0   0    0   0   0   0   0   0   0   0   0   0   0   0 100 (lib)
Brice_Samba   22 fra 17  1  1  1 30  80 100 100 100   0   0    0   0   0   0   0   0   0   0   0   0   0   0 100 (oma)
Bruno_Varela  22 por 18  1  1  1 30 720 100 100 100   0   0    0   0   0   0   0   0   0   0   0   0   0   0 100 (lib)
Daniel_Prieto 22 per 17  1  1  1 30 990 100 100 100   0   0    0   0   0   0   0   0   0   0   0   0   0   0 100 (lib)
K_Nakamura    22 jpn 18  1  1  1 30 160 100 100 100   0   0    0   0   0   0   0   0   0   0   0   0   0   0 100 (lib)
Lucas_Mocio   22 fra 16  1  1  1 30 686 100 100 100   0   0    0   0   0   0   0   0   0   0   0   0   0   0 100 (lyo)
N_Alblas      22 ned 16  1  1  1 30 800 100 100 100   0   0    0   0   0   0   0   0   0   0   0   0   0   0 100 (ajx)
P_Gollini     22 ita 18  1  1  1 30 330 100 100 100   0   0    0   0   0   0   0   0   0   0   0   0   0   0 100 (lib)
Pau_López     22 esp 18  1  1  1 30 601 100 100 100   0   0    0   0   0   0   0   0   0   0   0   0   0   0 100 (tot)
Yvon_Mvogo    22 sui 19  1  1  1 30 110 100 100 100   0   0    0   0   0   0   0   0   0   0   0   0   0   0 100 (lib)
André_Moreira 21 por 18  1  1  1 30 202 100 100 100   0   0    0   0   0   0   0   0   0   0   0   0   0   0 100 (atm)
Angus_Gunn    21 eng 17  1  1  1 30 500 100 100 100   0   0    0   0   0   0   0   0   0   0   0   0   0   0 100 (mci)
B_Radunovic   21 srb 18  1  1  1 30  30 100 100 100   0   0    0   0   0   0   0   0   0   0   0   0   0   0 100 (lib)
E_Unsain      21 arg 18  1  1  1 30 330 100 100 100   0   0    0   0   0   0   0   0   0   0   0   0   0   0 100 (lib)
F_Escales     21 fra 16  1  1  1 30 392 100 100 100   0   0    0   0   0   0   0   0   0   0   0   0   0   0 100 (oma)
F_Manojlovic  21 srb 18  1  1  1 30 290 100 100 100   0   0    0   0   0   0   0   0   0   0   0   0   0   0 100 (lib)
Josip_Posavec 21 cro 18  1  1  1 30 866 100 100 100   0   0    0   0   0   0   0   0   0   0   0   0   0   0 100 (lib)
Miguel_Silva  21 por 18  1  1  1 30 720 100 100 100   0   0    0   0   0   0   0   0   0   0   0   0   0   0 100 (lib)
Mike_Maignan  21 fra 17  1  1  1 30 950 100 100 100   0   0    0   0   0   0   0   0   0   0   0   0   0   0 100 (lib)
P_Rajkovic    21 srb 18  1  1  1 30 290 100 100 100   0   0    0   0   0   0   0   0   0   0   0   0   0   0 100 (lib)
Raúl_Gudiño   21 mex 17  1  1  1 30 950 100 100 100   0   0    0   0   0   0   0   0   0   0   0   0   0   0 100 (rom)
Rubén_Blanco  21 esp 19  1  1  1 30 110 100 100 100   0   0    0   0   0   0   0   0   0   0   0   0   0   0 100 (lib)
Seydou_Sy     21 sen 16  1  1  1 30 580 100 100 100   0   0    0   0   0   0   0   0   0   0   0   0   0   0 100 (asm)
Wellenreuther 21 ger 17  1  1  1 30 789 100 100 100   0   0    0   0   0   0   0   0   0   0   0   0   0   0 100 (s04)
A_Nübel       20 ger 16  1  1  1 30 490 100 100 100   0   0    0   0   0   0   0   0   0   0   0   0   0   0 100 (s04)
Alex_Meret    20 ita 18  1  1  1 30 350 100 100 100   0   0    0   0   0   0   0   0   0   0   0   0   0   0 100 (lib)
André_Onana   20 cmr 18  1  1  1 30 741 100 100 100   0   0    0   0   0   0   0   0   0   0   0   0   0   0 100 (ajx)
Emil_Audero   20 ita 17  1  1  1 30 850 100 100 100   0   0    0   0   0   0   0   0   0   0   0   0   0   0 100 (juv)
Ko_Shimura    20 jpn 17  1  1  1 30 311 100 100 100   0   0    0   0   0   0   0   0   0   0   0   0   0   0 100 (lib)
M_Sarr        20 sen 17  1  1  1 30 250 100 100 100   0   0    0   0   0   0   0   0   0   0   0   0   0   0 100 (bmu)
Rémy_Descamps 20 fra 17  1  1  1 30 458 100 100 100   0   0    0   0   0   0   0   0   0   0   0   0   0   0 100 (psg)
S_Scuffet     20 ita 18  1  1  1 30 990 100 100 100   0   0    0   0   0   0   0   0   0   0   0   0   0   0 100 (lib)
Vanja_M-Savic 20 srb 18  1  1  1 30 160 100 100 100   0   0    0   0   0   0   0   0   0   0   0   0   0   0 100 (lib)
Adrian_Semper 19 cro 18  1  1  1 30 220 100 100 100   0   0    0   0   0   0   0   0   0   0   0   0   0   0 100 (lib)
Andrei_Radu   19 rou 16  1  1  1 30 764 100 100 100   0   0    0   0   0   0   0   0   0   0   0   0   0   0 100 (int)
B_Dragowski   19 pol 18  1  1  1 30 481 100 100 100   0   0    0   0   0   0   0   0   0   0   0   0   0   0 100 (lib)
L_Badiashile  19 fra 17  1  1  1 30 168 100 100 100   0   0    0   0   0   0   0   0   0   0   0   0   0   0 100 (asm)
Alban_Lafont  18 fra 21  1  1  1 30 256 100 100 100   0   0    0   0   0   0   0   0   0   0   0   0   0   0 100 (ajx)
G_Donnarumma  18 ita 22  1  1  1 30 558 100 100 100   0   0    0   0   0   0   0   0   0   0   0   0   0   0 100 (mil)
A_Plizzari    17 ita 16  1  1  1 30 959 100 100 100   0   0    0   0   0   0   0   0   0   0   0   0   0   0 100 (mil)
