Name         Age Nat St Tk Ps Sh Ag KAb TAb PAb SAb Gam Sub  Min Mom Sav Con Ktk Kps Sht Gls Ass  DP Inj Sus Fit
----------------------------------------------------------------------------------------------------------------
Gareth_Barry  36 eng  1 18 18  1 30 100 234 894  90   0   0    0   0   0   0   0   0   0   0   0   0   0   0 100 (eve)
E_A_Ríos      35 uru  1 16 17  1 30 100 820 981 820   0   0    0   0   0   0   0   0   0   0   0   0   0   0 100 (lib)
M_Carrick     35 eng  1 18 19  1 30 100 378 586  96   0   0    0   0   0   0   0   0   0   0   0   0   0   0 100 (che)
Xabi_Alonso   35 esp  1 16 19  3 30 100 430 601 123   0   0    0   0   0   0   0   0   0   0   0   0   0   0 100 (opo)
David_Vaughan 34 wal  1 16 17  1 30 100 844 734 820   0   0    0   0   0   0   0   0   0   0   0   0   0   0 100 (lib)
L_Ponzio      34 arg  1 17 18  1 30 100 832 741 820   0   0    0   0   0   0   0   0   0   0   0   0   0   0 100 (lib)
Mehdi_Mostefa 34 alg  1 15 17  2 30 100 820 570 820   0   0    0   0   0   0   0   0   0   0   0   0   0   0 100 (lib)
Thiago_Motta  34 ita  1 17 19  2 30 100 510 747 382   0   0    0   0   0   0   0   0   0   0   0   0   0   0 100 (che)
D_De_Rossi    33 ita  1 18 20  1 30 100 728 478 415   0   0    0   0   0   0   0   0   0   0   0   0   0   0 100 (psg)
G_Gillet      33 bel  1 17 19  1 30 100 820 290 820   0   0    0   0   0   0   0   0   0   0   0   0   0   0 100 (lib)
Makoto_Hasebe 33 jpn  1 17 19  2 30 100 820 380 820   0   0    0   0   0   0   0   0   0   0   0   0   0   0 100 (lib)
Mehdi_Lacen   33 alg  1 17 18  1 30 100 820 680 820   0   0    0   0   0   0   0   0   0   0   0   0   0   0 100 (lib)
R_Cruzado     33 per  1 15 18  5 30 100 820 210 820   0   0    0   0   0   0   0   0   0   0   0   0   0   0 100 (lib)
S_Kulovits    33 aut  1 16 18  1 30 100 820 108 820   0   0    0   0   0   0   0   0   0   0   0   0   0   0 100 (lib)
Stijn_Schaars 33 ned  1 16 19  2 30 100 820 140 820   0   0    0   0   0   0   0   0   0   0   0   0   0   0 100 (lib)
Bruno_Soriano 32 esp  1 19 21  1 30 100   2  40 747   0   0    0   0   0   0   0   0   0   0   0   0   0   0 100 (vil)
G_Serey_Dié   32 civ  1 18 19  1 30 100 820 230 820   0   0    0   0   0   0   0   0   0   0   0   0   0   0 100 (lib)
J_Mascherano  32 arg  1 18 21  1 30 100 942 340 732   0   0    0   0   0   0   0   0   0   0   0   0   0   0 100 (nap)
Manuel_Iturra 32 chi  1 16 18  1 30 100 820 600 820   0   0    0   0   0   0   0   0   0   0   0   0   0   0 100 (lib)
Nigel_de_Jong 32 ned  1 17 19  1 30 100 940 642 820   0   0    0   0   0   0   0   0   0   0   0   0   0   0 100 (lib)
R_Montolivo   32 ita  1 16 19  2 30 100 770 649 561   0   0    0   0   0   0   0   0   0   0   0   0   0   0 100 (mil)
W_Gargano     32 uru  1 17 18  1 30 100 844 980 851   0   0    0   0   0   0   0   0   0   0   0   0   0   0 100 (lib)
William_Kvist 32 den  1 17 18  1 30 100 820 290 820   0   0    0   0   0   0   0   0   0   0   0   0   0   0 100 (lib)
Carlos_Sáncez 31 col  1 16 19  2 30 100 868 401 827   0   0    0   0   0   0   0   0   0   0   0   0   0   0 100 (lib)
E_Polanski    31 pol  1 16 19  2 30 100 902 547 818   0   0    0   0   0   0   0   0   0   0   0   0   0   0 100 (lib)
F_Silva       31 chi  1 17 18  1 30 100 820 850 820   0   0    0   0   0   0   0   0   0   0   0   0   0   0 100 (lib)
Fernandinho   31 bra  1 15 20  4 30 100 773 622 750   0   0    0   0   0   0   0   0   0   0   0   0   0   0 100 (s04)
J_Tragodara   31 per  1 14 17  3 30 100 820 720 820   0   0    0   0   0   0   0   0   0   0   0   0   0   0 100 (lib)
Janusz_Gol    31 pol  1 16 18  1 30 100 844 361 820   0   0    0   0   0   0   0   0   0   0   0   0   0   0 100 (lib)
Ryan_Donk     31 ned  1 16 18  1 30 100 820 600 820   0   0    0   0   0   0   0   0   0   0   0   0   0   0 100 (lib)
Shingo_Tomita 31 jpn  1 17 18  1 30 100 820  30 820   0   0    0   0   0   0   0   0   0   0   0   0   0   0 100 (lib)
T_Aoyama      31 jpn  1 16 18  2 30 100 820 290 820   0   0    0   0   0   0   0   0   0   0   0   0   0   0 100 (lib)
T_Jodlowiec   31 pol  1 15 18  2 30 100 842 352 818   0   0    0   0   0   0   0   0   0   0   0   0   0   0 100 (lib)
V_Behrami     31 sui  1 17 19  1 30 100 854 399 823   0   0    0   0   0   0   0   0   0   0   0   0   0   0 100 (lib)
Óscar_Vílchez 31 per  1 14 18  6 30 100 820 360 820   0   0    0   0   0   0   0   0   0   0   0   0   0   0 100 (lib)
A_Fernández   30 arg  1 17 20  2 30 100 908 654 698   0   0    0   0   0   0   0   0   0   0   0   0   0   0 100 (atm)
Amir_Karaoui  30 alg  1 16 17  1 30 100 820 570 820   0   0    0   0   0   0   0   0   0   0   0   0   0   0 100 (lib)
G_Fernandes   30 sui  1 17 19  1 30 100 868 188 820   0   0    0   0   0   0   0   0   0   0   0   0   0   0 100 (lib)
Gojko_Kacar   30 srb  1 16 18  2 30 100 820 550 820   0   0    0   0   0   0   0   0   0   0   0   0   0   0 100 (lib)
H_Aït_Ouamar  30 alg  1 16 17  1 30 100 820 900 820   0   0    0   0   0   0   0   0   0   0   0   0   0   0 100 (lib)
H_Takahashi   30 jpn  1 16 18  2 30 100 820 290 820   0   0    0   0   0   0   0   0   0   0   0   0   0   0 100 (lib)
Javi_García   30 esp  1 17 19  1 30 100 820 440 820   0   0    0   0   0   0   0   0   0   0   0   0   0   0 100 (lib)
Joe_Ledley    30 wal  1 16 18  2 30 100 810 954 751   0   0    0   0   0   0   0   0   0   0   0   0   0   0 100 (lib)
Lucas_Biglia  30 arg  1 18 21  1 30 100 993 302 783   0   0    0   0   0   0   0   0   0   0   0   0   0   0 100 (atm)
Lucas_Leiva   30 bra  1 18 20  1 30 100 892 126 676   0   0    0   0   0   0   0   0   0   0   0   0   0   0 100 (liv)
Marcelo_Díaz  30 chi  1 18 20  1 30 100 928  94 826   0   0    0   0   0   0   0   0   0   0   0   0   0   0 100 (lib)
Mario_Suárez  30 esp  1 17 19  1 30 100 372  77  90   0   0    0   0   0   0   0   0   0   0   0   0   0   0 100 (val)
Miguel_Veloso 30 por  1 16 19  2 30 100 312 395  60   0   0    0   0   0   0   0   0   0   0   0   0   0   0 100 (opo)
P_Schwegler   30 sui  1 16 19  2 30 100 820 140 820   0   0    0   0   0   0   0   0   0   0   0   0   0   0 100 (lib)
T_Huddlestone 30 eng  1 16 18  2 30 100 820 990 820   0   0    0   0   0   0   0   0   0   0   0   0   0   0 100 (lib)
Baumgartinger 29 aut  1 17 19  1 30 100 896 791 693   0   0    0   0   0   0   0   0   0   0   0   0   0   0 100 (ble)
Fernando      29 bra  1 17 19  1 30 100 730 648 699   0   0    0   0   0   0   0   0   0   0   0   0   0   0 100 (mci)
Gary_Medel    29 chi  1 18 20  1 30 100 820 461 482   0   0    0   0   0   0   0   0   0   0   0   0   0   0 100 (int)
I_Radovanovic 29 srb  1 18 19  1 30 100 820 380 820   0   0    0   0   0   0   0   0   0   0   0   0   0   0 100 (lib)
Jesús_Molina  29 mex  1 17 18  1 30 100 844 935 820   0   0    0   0   0   0   0   0   0   0   0   0   0   0 100 (lib)
José_Vázquez  29 mex  1 17 19  1 30 100 924 204 821   0   0    0   0   0   0   0   0   0   0   0   0   0   0 100 (lib)
L_Cattermole  29 eng  1 17 19  1 30 100 820 340 820   0   0    0   0   0   0   0   0   0   0   0   0   0   0 100 (lib)
Luiz_Gustavo  29 bra  1 18 20  1 30 100 820 342 808   0   0    0   0   0   0   0   0   0   0   0   0   0   0 100 (lib)
Rasmus_Elm    29 swe  1 16 19  2 30 100 916 636 830   0   0    0   0   0   0   0   0   0   0   0   0   0   0 100 (lib)
Ryota_Nagaki  29 jpn  1 16 17  1 30 100 820 900 820   0   0    0   0   0   0   0   0   0   0   0   0   0   0 100 (lib)
Sami_Khedira  29 ger  1 19 21  1 30 100  27 352 695   0   0    0   0   0   0   0   0   0   0   0   0   0   0 100 (juv)
Sven_Kums     29 bel  1 17 19  1 30 100 820 204 820   0   0    0   0   0   0   0   0   0   0   0   0   0   0 100 (lib)
Tomás_Rincón  29 ven  1 17 19  1 30 100 882 516 702   0   0    0   0   0   0   0   0   0   0   0   0   0   0 100 (s04)
V_Iborra      29 esp  1 17 19  2 30 100 232 960 142   0   0    0   0   0   0   0   0   0   0   0   0   0   0 100 (sev)
A_Iturraspe   28 esp  1 17 20  2 30 100 820  90 820   0   0    0   0   0   0   0   0   0   0   0   0   0   0 100 (lib)
A_Mejía       28 col  1 17 19  1 30 100 820 190 820   0   0    0   0   0   0   0   0   0   0   0   0   0   0 100 (lib)
Ahmed_Kashi   28 alg  1 16 18  2 30 100 820 420 820   0   0    0   0   0   0   0   0   0   0   0   0   0   0 100 (lib)
Jesús_Dueñas  28 mex  1 17 19  1 30 100 888 113 817   0   0    0   0   0   0   0   0   0   0   0   0   0   0 100 (lib)
L_Fejsa       28 srb  1 18 20  1 30 100 846 424 658   0   0    0   0   0   0   0   0   0   0   0   0   0   0 100 (slb)
Lustenberger  28 sui  1 17 19  1 30 100 818 188 818   0   0    0   0   0   0   0   0   0   0   0   0   0   0 100 (lib)
M_Gonalons    28 fra  1 18 19  1 30 100 386 588 105   0   0    0   0   0   0   0   0   0   0   0   0   0   0 100 (lyo)
Marko_Basic   28 cro  1 16 18  1 30 100 938  81 818   0   0    0   0   0   0   0   0   0   0   0   0   0   0 100 (lib)
Milan_Badelj  28 cro  1 17 19  1 30 100 870 628 804   0   0    0   0   0   0   0   0   0   0   0   0   0   0 100 (lib)
Nemanja_Matic 28 srb  1 18 21  1 30 100 957 190 703   0   0    0   0   0   0   0   0   0   0   0   0   0   0 100 (mun)
R_Petrovic    28 srb  1 16 18  2 30 100 820 930 820   0   0    0   0   0   0   0   0   0   0   0   0   0   0 100 (lib)
S_Busquets    28 esp  1 18 21  2 30 100 988 885 777   0   0    0   0   0   0   0   0   0   0   0   0   0   0 100 (bar)
S_MacDonald   28 wal  1 16 17  1 30 100 844 887 820   0   0    0   0   0   0   0   0   0   0   0   0   0   0 100 (lib)
S_N'Zonzi     28 fra  1 17 20  2 30 100 264 253 120   0   0    0   0   0   0   0   0   0   0   0   0   0   0 100 (sev)
Sékou_Sanogo  28 civ  1 17 18  1 30 100 820 680 820   0   0    0   0   0   0   0   0   0   0   0   0   0   0 100 (lib)
Veli_Kavlak   28 aut  1 16 18  1 30 100 844 671 820   0   0    0   0   0   0   0   0   0   0   0   0   0   0 100 (lib)
W_Vainqueur   28 fra  1 16 19  2 30 100 364 369  79   0   0    0   0   0   0   0   0   0   0   0   0   0   0 100 (oma)
É_Capoue      28 fra  1 16 19  2 30 100 820 490 820   0   0    0   0   0   0   0   0   0   0   0   0   0   0 100 (lib)
A_Samaris     27 gre  1 17 19  1 30 100 686 652 651   0   0    0   0   0   0   0   0   0   0   0   0   0   0 100 (slb)
Christiansen  27 den  1 15 17  2 30 100 820 900 820   0   0    0   0   0   0   0   0   0   0   0   0   0   0 100 (lib)
Daniel_Torres 27 col  1 17 19  1 30 100 906 477 800   0   0    0   0   0   0   0   0   0   0   0   0   0   0 100 (lib)
David_López   27 esp  1 17 19  1 30 100 820 340 820   0   0    0   0   0   0   0   0   0   0   0   0   0   0 100 (lib)
Facundo_Píriz 27 uru  1 16 18  1 30 100 820 130 820   0   0    0   0   0   0   0   0   0   0   0   0   0   0 100 (lib)
G_Krychowiak  27 pol  1 18 20  1 30 100 800 694 675   0   0    0   0   0   0   0   0   0   0   0   0   0   0 100 (rma)
G_Sertic      27 fra  1 16 18  2 30 100 358 761  89   0   0    0   0   0   0   0   0   0   0   0   0   0   0 100 (oma)
H_Yamaguchi   27 jpn  1 16 18  2 30 100 820 290 820   0   0    0   0   0   0   0   0   0   0   0   0   0   0 100 (lib)
Illarramendi  27 esp  1 17 19  1 30 100 496 656 353   0   0    0   0   0   0   0   0   0   0   0   0   0   0 100 (lei)
J_Atoche      27 per  1 14 17  1 30 100 820 750 820   0   0    0   0   0   0   0   0   0   0   0   0   0   0 100 (lib)
J_Livermore   27 eng  1 16 19  2 30 100 820  40 820   0   0    0   0   0   0   0   0   0   0   0   0   0   0 100 (lib)
Jack_Cork     27 eng  1 17 19  1 30 100 820 490 820   0   0    0   0   0   0   0   0   0   0   0   0   0   0 100 (lib)
Lars_Bender   27 ger  1 19 20  1 30 100  77 820 677   0   0    0   0   0   0   0   0   0   0   0   0   0   0 100 (ble)
Luka_Zuffi    27 sui  1 16 19  2 30 100 820  40 820   0   0    0   0   0   0   0   0   0   0   0   0   0   0 100 (lib)
M_San_José    27 esp  1 17 20  2 30 100 820  90 820   0   0    0   0   0   0   0   0   0   0   0   0   0   0 100 (lib)
Mads_Albaek   27 den  1 16 18  2 30 100 820 680 820   0   0    0   0   0   0   0   0   0   0   0   0   0   0 100 (lib)
Omar_Boudoumi 27 alg  1 16 17  1 30 100 820 460 820   0   0    0   0   0   0   0   0   0   0   0   0   0   0 100 (lib)
Rafael_Baca   27 mex  1 16 18  1 30 100 820 520 820   0   0    0   0   0   0   0   0   0   0   0   0   0   0 100 (lib)
S_Ilsanker    27 aut  1 17 18  1 30 100 880 950 813   0   0    0   0   0   0   0   0   0   0   0   0   0   0 100 (lib)
Schneiderlin  27 fra  1 18 19  1 30 100 282 938  77   0   0    0   0   0   0   0   0   0   0   0   0   0   0 100 (eve)
Vurnon_Anita  27 ned  1 16 18  1 30 100 820 650 820   0   0    0   0   0   0   0   0   0   0   0   0   0   0 100 (lib)
X_Kouassi     27 civ  1 17 18  1 30 100 820 160 820   0   0    0   0   0   0   0   0   0   0   0   0   0   0 100 (lib)
Y_Yotún       27 per  1 16 18  2 30 100 820 510 820   0   0    0   0   0   0   0   0   0   0   0   0   0   0 100 (lib)
B_Stambouli   26 fra  1 17 18  1 30 100 266 861 133   0   0    0   0   0   0   0   0   0   0   0   0   0   0 100 (bmu)
C_Kramer      26 ger  1 17 19  1 30 100 256 278  94   0   0    0   0   0   0   0   0   0   0   0   0   0   0 100 (rom)
Esteban_Pavez 26 chi  1 16 18  1 30 100 832 725 821   0   0    0   0   0   0   0   0   0   0   0   0   0   0 100 (lib)
I_Camacho     26 esp  1 18 19  1 30 100 592 981 465   0   0    0   0   0   0   0   0   0   0   0   0   0   0 100 (val)
J_Guilavogui  26 fra  1 18 19  1 30 100 832 960 820   0   0    0   0   0   0   0   0   0   0   0   0   0   0 100 (lib)
Jack_Rodwell  26 eng  1 16 19  2 30 100 820  80 820   0   0    0   0   0   0   0   0   0   0   0   0   0   0 100 (lib)
L_Milivojevic 26 srb  1 17 19  2 30 100 820 230 820   0   0    0   0   0   0   0   0   0   0   0   0   0   0 100 (lib)
N'Golo_Kanté  26 fra  1 18 20  1 30 100 330 739  67   0   0    0   0   0   0   0   0   0   0   0   0   0   0 100 (che)
S_Schwab      26 aut  1 15 18  1 30 100 832  78 820   0   0    0   0   0   0   0   0   0   0   0   0   0   0 100 (lib)
T_Ogihara     26 jpn  1 14 17  2 30 100 820  20 820   0   0    0   0   0   0   0   0   0   0   0   0   0   0 100 (lib)
T_Yonemoto    26 jpn  1 15 17  2 30 100 820 570 820   0   0    0   0   0   0   0   0   0   0   0   0   0   0 100 (lib)
Yann_M'Vila   26 fra  1 16 19  2 30 100 820 680 820   0   0    0   0   0   0   0   0   0   0   0   0   0   0 100 (lib)
C_Doukouré    25 civ  1 17 18  1 30 100 820 680 820   0   0    0   0   0   0   0   0   0   0   0   0   0   0 100 (lib)
C_Harrag      25 alg  1 15 17  2 30 100 820 570 820   0   0    0   0   0   0   0   0   0   0   0   0   0   0 100 (lib)
Carlos_Ascues 25 per  1 13 18  7 30 100 820 420 820   0   0    0   0   0   0   0   0   0   0   0   0   0   0 100 (lib)
Casemiro      25 bra  1 18 21  2 30 100 808  88 678   0   0    0   0   0   0   0   0   0   0   0   0   0   0 100 (rma)
D_Pereira     25 por  1 18 20  1 30 100 710 743 694   0   0    0   0   0   0   0   0   0   0   0   0   0   0 100 (bar)
F_Coquelin    25 fra  1 18 20  1 30 100 786 521 699   0   0    0   0   0   0   0   0   0   0   0   0   0   0 100 (ars)
Fernando_M    25 bra  1 17 19  1 30 100 820 680 820   0   0    0   0   0   0   0   0   0   0   0   0   0   0 100 (lib)
I_Diomandé    25 civ  1 17 18  1 30 100 820 550 820   0   0    0   0   0   0   0   0   0   0   0   0   0   0 100 (lib)
Jordy_Clasie  25 ned  1 17 19  1 30 100 904 718 826   0   0    0   0   0   0   0   0   0   0   0   0   0   0 100 (lib)
Jorginho      25 ita  1 17 20  2 30 100 828 526 697   0   0    0   0   0   0   0   0   0   0   0   0   0   0 100 (mun)
Lorenzo_Reyes 25 chi  1 16 18  1 30 100 844 444 820   0   0    0   0   0   0   0   0   0   0   0   0   0   0 100 (lib)
M_Íldiz       25 aut  1 16 18  1 30 100 832  57 820   0   0    0   0   0   0   0   0   0   0   0   0   0   0 100 (lib)
Marcus_Rohdén 25 swe  1 15 18  2 30 100 854 599 818   0   0    0   0   0   0   0   0   0   0   0   0   0   0 100 (lib)
Oriol_Romeu   25 esp  1 17 19  1 30 100 820  80 820   0   0    0   0   0   0   0   0   0   0   0   0   0   0 100 (lib)
S_Bendebka    25 alg  1 16 17  1 30 100 820 900 820   0   0    0   0   0   0   0   0   0   0   0   0   0   0 100 (lib)
V_Wanyama     25 ken  1 17 19  1 30 100 854 773 678   0   0    0   0   0   0   0   0   0   0   0   0   0   0 100 (tot)
G_Brugman     24 uru  1 15 18  2 30 100 820 177 820   0   0    0   0   0   0   0   0   0   0   0   0   0   0 100 (lib)
G_Imbula      24 fra  1 17 19  1 30 100 820 680 820   0   0    0   0   0   0   0   0   0   0   0   0   0   0 100 (lib)
G_Kondogbia   24 fra  1 16 19  2 30 100 563 269 449   0   0    0   0   0   0   0   0   0   0   0   0   0   0 100 (nic)
Granit_Xhaka  24 sui  1 17 21  2 30 100 886  18 626   0   0    0   0   0   0   0   0   0   0   0   0   0   0 100 (bmu)
Jens_Jönsson  24 den  1 16 17  1 30 100 820 460 820   0   0    0   0   0   0   0   0   0   0   0   0   0   0 100 (lib)
M_Benkhemassa 24 alg  1 15 17  2 30 100 820 680 820   0   0    0   0   0   0   0   0   0   0   0   0   0   0 100 (lib)
M_Elneny      24 egy  1 17 19  1 30 100 678 441 683   0   0    0   0   0   0   0   0   0   0   0   0   0   0 100 (ars)
M_Jevtovic    24 srb  1 16 18  2 30 100 820 160 820   0   0    0   0   0   0   0   0   0   0   0   0   0   0 100 (lib)
Muhamed_Besic 24 bih  1 17 18  1 30 100 200 630  98   0   0    0   0   0   0   0   0   0   0   0   0   0   0 100 (eve)
N_Mendy       24 fra  1 17 19  1 30 100 400 188  87   0   0    0   0   0   0   0   0   0   0   0   0   0   0 100 (lei)
N_Radoja      24 srb  1 17 19  2 30 100 820 530 820   0   0    0   0   0   0   0   0   0   0   0   0   0   0 100 (lib)
Oscar_Lewicki 24 swe  1 16 18  1 30 100 820 560 820   0   0    0   0   0   0   0   0   0   0   0   0   0   0 100 (lib)
R_Holzhauser  24 aut  1 15 18  2 30 100 820 431 820   0   0    0   0   0   0   0   0   0   0   0   0   0   0 100 (lib)
S_Pérez       24 col  1 16 19  2 30 100 844 402 820   0   0    0   0   0   0   0   0   0   0   0   0   0   0 100 (lib)
W_Carvalho    24 por  1 18 20  1 30 100 701 571 524   0   0    0   0   0   0   0   0   0   0   0   0   0   0 100 (nap)
A_Fransson    23 swe  1 15 18  2 30 100 826 692 796   0   0    0   0   0   0   0   0   0   0   0   0   0   0 100 (lib)
Dominik_Wydra 23 aut  1 15 17  1 30 100 820 950 820   0   0    0   0   0   0   0   0   0   0   0   0   0   0 100 (lib)
Emre_Can      23 ger  1 17 19  1 30 100 762 968 714   0   0    0   0   0   0   0   0   0   0   0   0   0   0 100 (liv)
Emyr_Huws     23 wal  1 15 17  2 30 100 832 964 820   0   0    0   0   0   0   0   0   0   0   0   0   0   0 100 (lib)
Eric_Dier     23 eng  1 17 20  1 30 100 861 319 686   0   0    0   0   0   0   0   0   0   0   0   0   0   0 100 (tot)
Erick_Pulgar  23 chi  1 16 18  1 30 100 820 720 820   0   0    0   0   0   0   0   0   0   0   0   0   0   0 100 (lib)
F_Augusto     23 bra  1 17 19  1 30 100 776 637 724   0   0    0   0   0   0   0   0   0   0   0   0   0   0 100 (slb)
Fabinho       23 bra  1 17 20  2 30 100 774 453 676   0   0    0   0   0   0   0   0   0   0   0   0   0   0 100 (asm)
G_Celis       23 col  1 16 18  1 30 100 844 727 820   0   0    0   0   0   0   0   0   0   0   0   0   0   0 100 (lib)
I_Cissé       23 bel  1 15 18  2 30 100 820 590 820   0   0    0   0   0   0   0   0   0   0   0   0   0   0 100 (lib)
J_Radosevic   23 cro  1 15 18  2 30 100 820  80 820   0   0    0   0   0   0   0   0   0   0   0   0   0   0 100 (lib)
Johannes_Geis 23 ger  1 16 19  2 30 100 482 476 388   0   0    0   0   0   0   0   0   0   0   0   0   0   0 100 (juv)
Kevin_Stewart 23 eng  1 16 18  1 30 100 662 613 704   0   0    0   0   0   0   0   0   0   0   0   0   0   0 100 (liv)
M_Kranevitter 23 arg  1 14 18  4 30 100 146 829 113   0   0    0   0   0   0   0   0   0   0   0   0   0   0 100 (sev)
S_Mijailovic  23 srb  1 17 18  1 30 100 820 160 820   0   0    0   0   0   0   0   0   0   0   0   0   0   0 100 (lib)
Thomas        23 gha  1 18 19  1 30 100  34 654 679   0   0    0   0   0   0   0   0   0   0   0   0   0   0 100 (vil)
W_Barrios     23 col  1 15 18  2 30 100 844 741 820   0   0    0   0   0   0   0   0   0   0   0   0   0   0 100 (lib)
W_Cartagena   23 per  1 15 18  3 30 100 820 300 820   0   0    0   0   0   0   0   0   0   0   0   0   0   0 100 (lib)
A_Grassi      22 ita  1 15 18  2 30 100 820 461 820   0   0    0   0   0   0   0   0   0   0   0   0   0   0 100 (lib)
Bill_Tuiloma  22 nzl  1 14 16  1 30 100 100 374 100   0   0    0   0   0   0   0   0   0   0   0   0   0   0 100 (oma)
D_Amartey     22 gha  1 17 18  1 30 100 326 498  81   0   0    0   0   0   0   0   0   0   0   0   0   0   0 100 (mci)
D_Cataldi     22 ita  1 16 19  2 30 100 820 110 820   0   0    0   0   0   0   0   0   0   0   0   0   0   0 100 (lib)
J-P_Gbamin    22 civ  1 18 19  1 30 100 820  80 820   0   0    0   0   0   0   0   0   0   0   0   0   0   0 100 (lib)
J_Hendrix     22 ned  1 17 19  1 30 100 714 370 540   0   0    0   0   0   0   0   0   0   0   0   0   0   0 100 (psv)
M_Llorente    22 esp  1 16 19  2 30 100 820 410 820   0   0    0   0   0   0   0   0   0   0   0   0   0   0 100 (rma)
N_Chalobah    22 eng  1 15 18  2 30 100 276 378  71   0   0    0   0   0   0   0   0   0   0   0   0   0   0 100 (che)
Pedro_Aquino  22 per  1 16 18  1 30 100 820 450 820   0   0    0   0   0   0   0   0   0   0   0   0   0   0 100 (lib)
Sasa_Zdjelar  22 srb  1 17 18  1 30 100 820 160 820   0   0    0   0   0   0   0   0   0   0   0   0   0   0 100 (lib)
T_Bakayoko    22 fra  1 16 20  2 30 100 844 193 655   0   0    0   0   0   0   0   0   0   0   0   0   0   0 100 (asm)
A_Benguit     21 alg  1 16 18  1 30 100 820  20 820   0   0    0   0   0   0   0   0   0   0   0   0   0   0 100 (lib)
A_Z_Anguissa  21 cmr  1 16 17  1 30 100 246 893  78   0   0    0   0   0   0   0   0   0   0   0   0   0   0 100 (oma)
D_Luckassen   21 ned  1 15 18  1 30 100 846 629 810   0   0    0   0   0   0   0   0   0   0   0   0   0   0 100 (lib)
Danilo_B      21 bra  1 16 19  2 30 100 820 260 820   0   0    0   0   0   0   0   0   0   0   0   0   0   0 100 (lib)
Julian_Weigl  21 ger  1 17 20  2 30 100 873 719 720   0   0    0   0   0   0   0   0   0   0   0   0   0   0 100 (bdo)
Kévin_N'Doram 21 fra  1 14 17  2 30 100 696 724 696   0   0    0   0   0   0   0   0   0   0   0   0   0   0 100 (asm)
L_Dendoncker  21 bel  1 17 19  1 30 100 890 543 763   0   0    0   0   0   0   0   0   0   0   0   0   0   0 100 (atm)
L_Torreira    21 uru  1 16 19  2 30 100 874 286 816   0   0    0   0   0   0   0   0   0   0   0   0   0   0 100 (slb)
Rémi_Walter   21 fra  1 16 19  2 30 100 800 462 632   0   0    0   0   0   0   0   0   0   0   0   0   0   0 100 (psg)
Sasa_Lukic    21 srb  1 16 18  2 30 100 820 290 820   0   0    0   0   0   0   0   0   0   0   0   0   0   0 100 (lib)
Sergio_Peña   21 per  1 15 18  6 30 100 820 450 820   0   0    0   0   0   0   0   0   0   0   0   0   0   0 100 (lib)
Victorien_A   21 civ  1 17 18  1 30 100 820 290 820   0   0    0   0   0   0   0   0   0   0   0   0   0   0 100 (lib)
Walace        21 bra  1 16 18  2 30 100 848 998 805   0   0    0   0   0   0   0   0   0   0   0   0   0   0 100 (lib)
Y_Ideguchi    21 jpn  1 16 18  2 30 100 820 290 820   0   0    0   0   0   0   0   0   0   0   0   0   0   0 100 (lib)
Alexis_Blin   20 fra  1 17 19  1 30 100 736 111 760   0   0    0   0   0   0   0   0   0   0   0   0   0   0 100 (asm)
Franck_Kessié 20 civ  1 16 19  2 30 100 820 130 820   0   0    0   0   0   0   0   0   0   0   0   0   0   0 100 (lib)
José_Cotrina  20 per  1 15 17  1 30 100 820 900 820   0   0    0   0   0   0   0   0   0   0   0   0   0   0 100 (lib)
Onyinye_Ndidi 20 nga  1 17 18  1 30 100 470 920 356   0   0    0   0   0   0   0   0   0   0   0   0   0   0 100 (mci)
R_Hernández   20 esp  1 15 18  2 30 100 678 586 674   0   0    0   0   0   0   0   0   0   0   0   0   0   0 100 (vil)
Rafetraniaina 20 mad  1 14 17  2 30 100 736 772 598   0   0    0   0   0   0   0   0   0   0   0   0   0   0 100 (nic)
Rúben_Neves   20 por  1 16 19  2 30 100 546 137 324   0   0    0   0   0   0   0   0   0   0   0   0   0   0 100 (lyo)
S_Ascacíbar   20 arg  1 15 18  2 30 100 820 481 820   0   0    0   0   0   0   0   0   0   0   0   0   0   0 100 (lib)
Thiago_Maia   20 bra  1 16 18  1 30 100 800 505 788   0   0    0   0   0   0   0   0   0   0   0   0   0   0 100 (lib)
A_Diawara     19 gui  1 17 19  1 30 100 610 238 394   0   0    0   0   0   0   0   0   0   0   0   0   0   0 100 (ajx)
A_Fuentes     19 per  1 16 17  1 30 100 820 990 820   0   0    0   0   0   0   0   0   0   0   0   0   0   0 100 (lib)
Carel_Eiting  19 ned  1 14 17  2 30 100 460 170 460   0   0    0   0   0   0   0   0   0   0   0   0   0   0 100 (lib)
Eboue_Kouassi 19 civ  1 15 17  2 30 100 820 900 820   0   0    0   0   0   0   0   0   0   0   0   0   0   0 100 (lib)
L_Callegari   19 fra  1 14 17  2 30 100 820 530 820   0   0    0   0   0   0   0   0   0   0   0   0   0   0 100 (lib)
Lucas_Tousart 19 fra  1 17 18  1 30 100 348 811  86   0   0    0   0   0   0   0   0   0   0   0   0   0   0 100 (lyo)
M_Locatelli   19 ita  1 15 19  2 30 100 544  73 341   0   0    0   0   0   0   0   0   0   0   0   0   0   0 100 (mil)
Niklas_Dorsch 19 ger  1 14 16  2 30 100 820 990 820   0   0    0   0   0   0   0   0   0   0   0   0   0   0 100 (lib)
P_D_Zebli     19 civ  1 16 17  1 30 100 820 350 820   0   0    0   0   0   0   0   0   0   0   0   0   0   0 100 (lib)
R_Mandragora  19 ita  1 16 17  1 30 100 426 954 378   0   0    0   0   0   0   0   0   0   0   0   0   0   0 100 (ajx)
T_Fosu-Mensah 19 ned  1 15 18  2 30 100 270 384 111   0   0    0   0   0   0   0   0   0   0   0   0   0   0 100 (ajx)
Dzenis_Burnic 18 ger  1 14 16  2 30 100 700 750 700   0   0    0   0   0   0   0   0   0   0   0   0   0   0 100 (bdo)
