Name         Age Nat St Tk Ps Sh Ag KAb TAb PAb SAb Gam Sub  Min Mom Sav Con Ktk Kps Sht Gls Ass  DP Inj Sus Fit
----------------------------------------------------------------------------------------------------------------
C_Lobatón     39 per  1 12 18  6 30 100 820 180 820   0   0    0   0   0   0   0   0   0   0   0   0   0   0 100 (lib)
Andrea_Pirlo  38 ita  1 12 20  7 30 100 976 580 593   0   0    0   0   0   0   0   0   0   0   0   0   0   0 100 (mil)
Tiago         35 por  1 13 19  6 30 100 730 892 805   0   0    0   0   0   0   0   0   0   0   0   0   0   0 100 (atm)
Gabi          33 esp  1 12 20  7 30 100 724 579 801   0   0    0   0   0   0   0   0   0   0   0   0   0   0 100 (atm)
Hassan_Yebda  33 alg  1  8 17  9 30 100 820 680 820   0   0    0   0   0   0   0   0   0   0   0   0   0   0 100 (lib)
M_Krohn-Dehli 33 den  1  7 19 12 30 100 188 796 168   0   0    0   0   0   0   0   0   0   0   0   0   0   0 100 (sev)
Mounir_Obbadi 33 mar  1 10 19  8 30 100 820 140 820   0   0    0   0   0   0   0   0   0   0   0   0   0   0 100 (lib)
Yaya_Touré    33 civ  1 11 20  8 30 100 702 794 796   0   0    0   0   0   0   0   0   0   0   0   0   0   0 100 (bmu)
A_Aquilani    32 ita  1 11 19  7 30 100 820 140 820   0   0    0   0   0   0   0   0   0   0   0   0   0   0 100 (lib)
A_Iniesta     32 esp  1  7 23 15 30 100 646  69  53   0   0    0   0   0   0   0   0   0   0   0   0   0   0 100 (bar)
Andrew_Crofts 32 wal  1 10 18  7 30 100 748   8 748   0   0    0   0   0   0   0   0   0   0   0   0   0   0 100 (lib)
Borja_Valero  32 esp  1  7 20 12 30 100 820 400 820   0   0    0   0   0   0   0   0   0   0   0   0   0   0 100 (lib)
C_Masuda      32 jpn  1 12 18  6 30 100 820  30 820   0   0    0   0   0   0   0   0   0   0   0   0   0   0 100 (lib)
Gokham_Inler  32 sui  1 12 19  6 30 100 830 402 873   0   0    0   0   0   0   0   0   0   0   0   0   0   0 100 (lib)
Marco_Parolo  32 ita  1 12 20  7 30 100 820  40 820   0   0    0   0   0   0   0   0   0   0   0   0   0   0 100 (lib)
Rúben_Amorim  32 por  1 10 18  7 30 100 580  97 700   0   0    0   0   0   0   0   0   0   0   0   0   0   0 100 (lib)
Santi_Cazorla 32 esp  1  6 21 14 30 100 576 593 869   0   0    0   0   0   0   0   0   0   0   0   0   0   0 100 (psg)
Schwensteiger 32 ger  1 12 19  7 30 100 166 832 102   0   0    0   0   0   0   0   0   0   0   0   0   0   0 100 (s04)
Walid_Mesloub 32 alg  1 10 18  8 30 100 820 420 820   0   0    0   0   0   0   0   0   0   0   0   0   0   0 100 (lib)
A_Guédioura   31 alg  1 10 18  8 30 100 820 160 820   0   0    0   0   0   0   0   0   0   0   0   0   0   0 100 (lib)
C_Leitgeb     31 aut  1 10 18  7 30 100 856 417 831   0   0    0   0   0   0   0   0   0   0   0   0   0   0 100 (lib)
C_Marchisio   31 ita  1 13 21  7 30 100 758 627 820   0   0    0   0   0   0   0   0   0   0   0   0   0   0 100 (juv)
C_Marrugo     31 col  1  6 18 12 30 100 820 990 820   0   0    0   0   0   0   0   0   0   0   0   0   0   0 100 (lib)
Enzo_Pérez    31 arg  1 10 19  8 30 100 244 194 202   0   0    0   0   0   0   0   0   0   0   0   0   0   0 100 (val)
James_Milner  31 eng  1  6 20 13 30 100 568 416 943   0   0    0   0   0   0   0   0   0   0   0   0   0   0 100 (liv)
Luka_Modric   31 cro  1  7 22 15 30 100 614 592  28   0   0    0   0   0   0   0   0   0   0   0   0   0   0 100 (rma)
M_Fernandes   31 por  1  6 19 12 30 100 640 410 640   0   0    0   0   0   0   0   0   0   0   0   0   0   0 100 (lib)
S_Larsson     31 swe  1  7 19 11 30 100 808  89 819   0   0    0   0   0   0   0   0   0   0   0   0   0   0 100 (lib)
Yohan_Cabaye  31 fra  1 13 19  6 30 100 832 870 820   0   0    0   0   0   0   0   0   0   0   0   0   0   0 100 (lib)
A_Guardado    30 mex  1 11 20  8 30 100 742 120 632   0   0    0   0   0   0   0   0   0   0   0   0   0   0 100 (rom)
Abou_Diaby    30 fra  1 11 17  6 30 100 222 981 181   0   0    0   0   0   0   0   0   0   0   0   0   0   0 100 (oma)
Almen_Abdi    30 sui  1  5 18 12 30 100 820 470 820   0   0    0   0   0   0   0   0   0   0   0   0   0   0 100 (lib)
B_Dzemaili    30 sui  1 11 19  7 30 100 834   8 816   0   0    0   0   0   0   0   0   0   0   0   0   0   0 100 (lib)
Beñat         30 esp  1  7 20 12 30 100 820 220 820   0   0    0   0   0   0   0   0   0   0   0   0   0   0 100 (lib)
C_Carmona     30 chi  1 12 18  6 30 100 820 990 820   0   0    0   0   0   0   0   0   0   0   0   0   0   0 100 (lib)
H_Henao       30 col  1 12 18  5 30 100 844 458 813   0   0    0   0   0   0   0   0   0   0   0   0   0   0 100 (lib)
João_Moutinho 30 por  1 12 20  7 30 100 515 251 589   0   0    0   0   0   0   0   0   0   0   0   0   0   0 100 (asm)
Juraj_Kucka   30 svk  1 12 19  6 30 100 770 633 615   0   0    0   0   0   0   0   0   0   0   0   0   0   0 100 (mil)
Lasse_Schöne  30 den  1 10 19  8 30 100 820 440 820   0   0    0   0   0   0   0   0   0   0   0   0   0   0 100 (lib)
Luis_Montes   30 mex  1  6 18 11 30 100 820 341 820   0   0    0   0   0   0   0   0   0   0   0   0   0   0 100 (lib)
M_Fernández   30 chi  1  6 19 12 30 100 140  30 196   0   0    0   0   0   0   0   0   0   0   0   0   0   0 100 (opo)
N_Fujita      30 jpn  1  9 17  8 30 100 820 240 820   0   0    0   0   0   0   0   0   0   0   0   0   0   0 100 (lib)
P_Hernández   30 chi  1  7 19 12 30 100 808 951 838   0   0    0   0   0   0   0   0   0   0   0   0   0   0 100 (lib)
Z_Kuzmanovic  30 srb  1 10 18  8 30 100 820 930 820   0   0    0   0   0   0   0   0   0   0   0   0   0   0 100 (lib)
André_Castro  29 por  1  6 18 12 30 100 820 935 832   0   0    0   0   0   0   0   0   0   0   0   0   0   0 100 (lib)
Arturo_Vidal  29 chi  1 10 22 10 30 100 728   6 855   0   0    0   0   0   0   0   0   0   0   0   0   0   0 100 (psg)
B_Matuidi     29 fra  1 15 21  5 30 100 918 652 640   0   0    0   0   0   0   0   0   0   0   0   0   0   0 100 (nic)
Cesc_Fàbregas 29 esp  1  8 21 12 30 100 170  55 357   0   0    0   0   0   0   0   0   0   0   0   0   0   0 100 (che)
G_Castro      29 ger  1 12 20  7 30 100 892 483 804   0   0    0   0   0   0   0   0   0   0   0   0   0   0 100 (bdo)
Ivan_Rakitic  29 cro  1  8 21 12 30 100 592 831 818   0   0    0   0   0   0   0   0   0   0   0   0   0   0 100 (bar)
J_D_Guerrero  29 mex  1 11 18  6 30 100 820 391 820   0   0    0   0   0   0   0   0   0   0   0   0   0   0 100 (lib)
K_Maczynski   29 pol  1 10 18  7 30 100 832 692 821   0   0    0   0   0   0   0   0   0   0   0   0   0   0 100 (lib)
M_Fellaini    29 bel  1  7 19 11 30 100 714 675 810   0   0    0   0   0   0   0   0   0   0   0   0   0   0 100 (ble)
Marek_Hamsik  29 svk  1  6 21 14 30 100 766 197 920   0   0    0   0   0   0   0   0   0   0   0   0   0   0 100 (nap)
Mark_Noble    29 eng  1 11 19  7 30 100 820 490 820   0   0    0   0   0   0   0   0   0   0   0   0   0   0 100 (lib)
Mike_Jensen   29 den  1  8 18 10 30 100 820 930 820   0   0    0   0   0   0   0   0   0   0   0   0   0   0 100 (lib)
Mousa_Dembélé 29 bel  1 13 20  7 30 100 830 766 801   0   0    0   0   0   0   0   0   0   0   0   0   0   0 100 (tot)
R_Augusto     29 bra  1  6 20 13 30 100 832 173 855   0   0    0   0   0   0   0   0   0   0   0   0   0   0 100 (lib)
Y_Kashiwagi   29 jpn  1  8 18 10 30 100 820 420 820   0   0    0   0   0   0   0   0   0   0   0   0   0   0 100 (lib)
Z_Junuzovic   29 aut  1  6 19 12 30 100 848 702 828   0   0    0   0   0   0   0   0   0   0   0   0   0   0 100 (lib)
A_J_Hasegawa  28 jpn  1  8 17  9 30 100 820 240 820   0   0    0   0   0   0   0   0   0   0   0   0   0   0 100 (lib)
Adrien_Silva  28 por  1 13 20  6 30 100 820 450 820   0   0    0   0   0   0   0   0   0   0   0   0   0   0 100 (lib)
Andy_King     28 wal  1 10 17  7 30 100 142 872 152   0   0    0   0   0   0   0   0   0   0   0   0   0   0 100 (lei)
Antonio_Ríos  28 mex  1 11 18  7 30 100 820 900 820   0   0    0   0   0   0   0   0   0   0   0   0   0   0 100 (lib)
Axel_Witsel   28 bel  1 13 20  6 30 100 781 387 749   0   0    0   0   0   0   0   0   0   0   0   0   0   0 100 (mil)
C_Jorquera    28 chi  1  8 18  9 30 100 820 404 823   0   0    0   0   0   0   0   0   0   0   0   0   0   0 100 (lib)
Daniel_Wass   28 den  1  8 20 12 30 100 820 140 820   0   0    0   0   0   0   0   0   0   0   0   0   0   0 100 (lib)
Fabian_Frei   28 sui  1  9 19  9 30 100 866 252 851   0   0    0   0   0   0   0   0   0   0   0   0   0   0 100 (lib)
Joel_Sánchez  28 per  1  6 18 12 30 100 820 210 820   0   0    0   0   0   0   0   0   0   0   0   0   0   0 100 (lib)
K_Asamoah     28 gha  1  7 20 12 30 100 714  56 794   0   0    0   0   0   0   0   0   0   0   0   0   0   0 100 (slb)
Nuri_Sahin    28 tur  1 12 19  6 30 100 714 305 678   0   0    0   0   0   0   0   0   0   0   0   0   0   0 100 (bdo)
P_Mosquera    28 esp  1 11 19  7 30 100 820 340 820   0   0    0   0   0   0   0   0   0   0   0   0   0   0 100 (lib)
Paulinho      28 bra  1 13 20  6 30 100 832 186 825   0   0    0   0   0   0   0   0   0   0   0   0   0   0 100 (lib)
R_Nainggolan  28 bel  1 15 21  5 30 100 542 481 529   0   0    0   0   0   0   0   0   0   0   0   0   0   0 100 (ars)
Roque_Mesa    28 esp  1 13 20  6 30 100 820 270 820   0   0    0   0   0   0   0   0   0   0   0   0   0   0 100 (lib)
Ruud_Vormer   28 ned  1  9 19  9 30 100 820 490 820   0   0    0   0   0   0   0   0   0   0   0   0   0   0 100 (lib)
Souza         28 bra  1 12 19  6 30 100 832 375 820   0   0    0   0   0   0   0   0   0   0   0   0   0   0 100 (lib)
Steven_Defour 28 bel  1 10 19  8 30 100 820 490 851   0   0    0   0   0   0   0   0   0   0   0   0   0   0 100 (lib)
Vadis_O-Ofoe  28 bel  1 11 19  7 30 100 820 340 820   0   0    0   0   0   0   0   0   0   0   0   0   0   0 100 (lib)
Éver_Banega   28 arg  1  5 20 14 30 100 524 908 706   0   0    0   0   0   0   0   0   0   0   0   0   0   0 100 (int)
Albin_Ekdal   27 swe  1 11 19  7 30 100 864 318 855   0   0    0   0   0   0   0   0   0   0   0   0   0   0 100 (lib)
Ander_Herrera 27 esp  1 12 20  7 30 100 796 818 754   0   0    0   0   0   0   0   0   0   0   0   0   0   0 100 (nap)
Andrea_Poli   27 ita  1 10 18  8 30 100  98 526 109   0   0    0   0   0   0   0   0   0   0   0   0   0   0 100 (s04)
André_André   27 por  1  6 19 13 30 100 162 268 205   0   0    0   0   0   0   0   0   0   0   0   0   0   0 100 (opo)
André_Martins 27 por  1  7 19 11 30 100 830  59 824   0   0    0   0   0   0   0   0   0   0   0   0   0   0 100 (lib)
C_Aránguiz    27 chi  1 11 19  7 30 100 714 517 701   0   0    0   0   0   0   0   0   0   0   0   0   0   0 100 (ble)
Carlos_Peña   27 mex  1  6 18 11 30 100 820 520 820   0   0    0   0   0   0   0   0   0   0   0   0   0   0 100 (lib)
D_Drinkwater  27 eng  1 11 19  8 30 100 153 434 233   0   0    0   0   0   0   0   0   0   0   0   0   0   0 100 (che)
D_Kreilach    27 cro  1  7 18 11 30 100 820 900 820   0   0    0   0   0   0   0   0   0   0   0   0   0   0 100 (lib)
David_Cabrera 27 mex  1 10 18  7 30 100 820 391 820   0   0    0   0   0   0   0   0   0   0   0   0   0   0 100 (lib)
Fabian_Delph  27 eng  1 10 19  8 30 100 570 368 692   0   0    0   0   0   0   0   0   0   0   0   0   0   0 100 (lei)
G_Bonaventura 27 ita  1  6 21 13 30 100 736 135 838   0   0    0   0   0   0   0   0   0   0   0   0   0   0 100 (mil)
Idrissa_Gueye 27 sen  1 12 19  7 30 100 152 746 135   0   0    0   0   0   0   0   0   0   0   0   0   0   0 100 (eve)
J_Hernández   27 mex  1 12 18  5 30 100 820 650 820   0   0    0   0   0   0   0   0   0   0   0   0   0   0 100 (lib)
Javier_Cortés 27 mex  1  5 18 12 30 100 820 267 823   0   0    0   0   0   0   0   0   0   0   0   0   0   0 100 (lib)
Joe_Allen     27 wal  1 10 19  8 30 100 790 462 797   0   0    0   0   0   0   0   0   0   0   0   0   0   0 100 (lib)
K_Strootman   27 ned  1 12 20  7 30 100 154 405 233   0   0    0   0   0   0   0   0   0   0   0   0   0   0 100 (psv)
K_Yamamoto    27 jpn  1 10 17  7 30 100 820 240 820   0   0    0   0   0   0   0   0   0   0   0   0   0   0 100 (lib)
Leroy_Fer     27 ned  1  7 19 11 30 100 820 340 820   0   0    0   0   0   0   0   0   0   0   0   0   0   0 100 (lib)
M_Pereyra     27 uru  1  6 19 12 30 100 816 248 831   0   0    0   0   0   0   0   0   0   0   0   0   0   0 100 (lib)
M_Sissoko     27 fra  1  5 19 13 30 100 796 803 824   0   0    0   0   0   0   0   0   0   0   0   0   0   0 100 (tot)
Marco_Medel   27 chi  1  7 18 10 30 100 820 130 820   0   0    0   0   0   0   0   0   0   0   0   0   0   0 100 (lib)
N_Krsticic    27 srb  1  6 18 12 30 100 820 420 820   0   0    0   0   0   0   0   0   0   0   0   0   0   0 100 (lib)
Pizzi         27 por  1  6 20 13 30 100 440 327 595   0   0    0   0   0   0   0   0   0   0   0   0   0   0 100 (slb)
Tom_Cleverley 27 eng  1  7 19 11 30 100 820 340 820   0   0    0   0   0   0   0   0   0   0   0   0   0   0 100 (lib)
Toni_Kroos    27 ger  1 10 22 11 30 100 730 377   6   0   0    0   0   0   0   0   0   0   0   0   0   0   0 100 (rma)
Toufik_Addadi 27 alg  1  7 17 10 30 100 820 680 820   0   0    0   0   0   0   0   0   0   0   0   0   0   0 100 (lib)
Uros_Matic    27 srb  1 10 18  8 30 100 820 290 820   0   0    0   0   0   0   0   0   0   0   0   0   0   0 100 (lib)
V_Jugovic     27 cro  1  5 17 11 30 100 712 519 879   0   0    0   0   0   0   0   0   0   0   0   0   0   0 100 (ars)
A_Bertolacci  26 ita  1 12 19  6 30 100 820 525 668   0   0    0   0   0   0   0   0   0   0   0   0   0   0 100 (bdo)
A_Florenzi    26 ita  1  5 20 14 30 100 388 589 618   0   0    0   0   0   0   0   0   0   0   0   0   0   0 100 (psg)
A_Hohberg     26 per  1  8 18 12 30 100 820 330 820   0   0    0   0   0   0   0   0   0   0   0   0   0   0 100 (lib)
Aaron_Ramsey  26 wal  1  8 21 11 30 100 622 101 854   0   0    0   0   0   0   0   0   0   0   0   0   0   0 100 (ars)
Akimi_Barada  26 jpn  1  9 17  8 30 100 820 680 820   0   0    0   0   0   0   0   0   0   0   0   0   0   0 100 (lib)
Allan         26 bra  1 12 20  7 30 100 710 110 712   0   0    0   0   0   0   0   0   0   0   0   0   0   0 100 (nap)
C_Carbonero   26 col  1  6 18 11 30 100 820 690 820   0   0    0   0   0   0   0   0   0   0   0   0   0   0 100 (lib)
C_Grenier     26 fra  1  6 18 12 30 100 134 675 270   0   0    0   0   0   0   0   0   0   0   0   0   0   0 100 (vil)
F_Gutiérrez   26 chi  1  7 19 11 30 100 818 269 834   0   0    0   0   0   0   0   0   0   0   0   0   0   0 100 (lib)
F_Makhedjouf  26 alg  1  6 17 11 30 100 820 680 820   0   0    0   0   0   0   0   0   0   0   0   0   0   0 100 (lib)
H_Herrera     26 mex  1  7 19 12 30 100 188 922 291   0   0    0   0   0   0   0   0   0   0   0   0   0   0 100 (opo)
I_Gündogan    26 ger  1  8 21 12 30 100 628 530 867   0   0    0   0   0   0   0   0   0   0   0   0   0   0 100 (mci)
J_Henderson   26 eng  1 13 21  6 30 100 846  47 735   0   0    0   0   0   0   0   0   0   0   0   0   0   0 100 (liv)
J_McCarthy    26 irl  1 12 19  7 30 100 118 723  90   0   0    0   0   0   0   0   0   0   0   0   0   0   0 100 (eve)
Jakob_J       26 swe  1 10 18  7 30 100 820 300 820   0   0    0   0   0   0   0   0   0   0   0   0   0   0 100 (lib)
Kevin_Kampl   26 svn  1  7 20 12 30 100 786 680 762   0   0    0   0   0   0   0   0   0   0   0   0   0   0 100 (ble)
M_de_Roon     26 ned  1 11 19  7 30 100 820 230 820   0   0    0   0   0   0   0   0   0   0   0   0   0   0 100 (lib)
M_Pjanic      26 bih  1 12 21  8 30 100 694 391 599   0   0    0   0   0   0   0   0   0   0   0   0   0   0 100 (bmu)
Mateus_Uribe  26 col  1 10 18  7 30 100 837 493 883   0   0    0   0   0   0   0   0   0   0   0   0   0   0 100 (lib)
Mateusz_Klich 26 pol  1  6 18 11 30 100 830 586 818   0   0    0   0   0   0   0   0   0   0   0   0   0   0 100 (lib)
R_Soriano     26 ita  1  7 20 12 30 100 600 431 808   0   0    0   0   0   0   0   0   0   0   0   0   0   0 100 (vil)
Robert_Gucher 26 aut  1 11 18  6 30 100 820 438 820   0   0    0   0   0   0   0   0   0   0   0   0   0   0 100 (lib)
S_Rode        26 ger  1 13 19  5 30 100 736 325 711   0   0    0   0   0   0   0   0   0   0   0   0   0   0 100 (bdo)
T_Delaney     26 den  1 11 19  8 30 100 820 530 820   0   0    0   0   0   0   0   0   0   0   0   0   0   0 100 (lib)
D_Baselli     25 ita  1  8 19 10 30 100 820 680 820   0   0    0   0   0   0   0   0   0   0   0   0   0   0 100 (lib)
D_Brasanac    25 srb  1  8 18 10 30 100 820 680 820   0   0    0   0   0   0   0   0   0   0   0   0   0   0 100 (lib)
Davy_Pröpper  25 ned  1  8 19 10 30 100 548 759 709   0   0    0   0   0   0   0   0   0   0   0   0   0   0 100 (psv)
Didier_Moreno 25 col  1 12 18  5 30 100 820 581 820   0   0    0   0   0   0   0   0   0   0   0   0   0   0 100 (lib)
G_Shibasaki   25 jpn  1  6 19 13 30 100 820  80 820   0   0    0   0   0   0   0   0   0   0   0   0   0   0 100 (lib)
Goran_Causic  25 srb  1 10 18  8 30 100 820 550 820   0   0    0   0   0   0   0   0   0   0   0   0   0   0 100 (lib)
J-D_A_Akpro   25 civ  1  8 18 10 30 100 820 680 820   0   0    0   0   0   0   0   0   0   0   0   0   0   0 100 (lib)
Jack_Wilshere 25 eng  1  8 20 11 30 100 748 285 781   0   0    0   0   0   0   0   0   0   0   0   0   0   0 100 (nic)
Jean_M_Seri   25 civ  1 14 20  5 30 100 796 231 621   0   0    0   0   0   0   0   0   0   0   0   0   0   0 100 (mun)
Jonjo_Shelvey 25 eng  1 10 19  8 30 100 820 380 820   0   0    0   0   0   0   0   0   0   0   0   0   0   0 100 (lib)
Jordan_Ferri  25 fra  1 10 18  8 30 100 210 898 141   0   0    0   0   0   0   0   0   0   0   0   0   0   0 100 (lyo)
Koke          25 esp  1  6 21 13 30 100 634 583 955   0   0    0   0   0   0   0   0   0   0   0   0   0   0 100 (atm)
M_Trigueros   25 esp  1  6 20 13 30 100 636 834 876   0   0    0   0   0   0   0   0   0   0   0   0   0   0 100 (vil)
M_Vecino      25 uru  1 12 19  6 30 100 844 582 820   0   0    0   0   0   0   0   0   0   0   0   0   0   0 100 (lib)
Mehdi_Abeid   25 alg  1 10 18  8 30 100 820 420 820   0   0    0   0   0   0   0   0   0   0   0   0   0   0 100 (lib)
Milos_Jojic   25 srb  1  8 19 11 30 100 820 230 820   0   0    0   0   0   0   0   0   0   0   0   0   0   0 100 (lib)
N_Gudelj      25 srb  1  8 19 11 30 100 820 680 820   0   0    0   0   0   0   0   0   0   0   0   0   0   0 100 (lib)
Pedro_Obiang  25 esp  1 12 19  6 30 100 820 230 820   0   0    0   0   0   0   0   0   0   0   0   0   0   0 100 (lib)
R_Pereyra     25 arg  1  6 20 13 30 100 832 234 971   0   0    0   0   0   0   0   0   0   0   0   0   0   0 100 (lib)
Ryan_Mason    25 eng  1 11 19  7 30 100 820  80 820   0   0    0   0   0   0   0   0   0   0   0   0   0   0 100 (lib)
Saphir_Taider 25 alg  1 12 19  7 30 100 820  80 820   0   0    0   0   0   0   0   0   0   0   0   0   0   0 100 (lib)
Sergi_Roberto 25 esp  1 12 20  7 30 100 680 149 766   0   0    0   0   0   0   0   0   0   0   0   0   0   0 100 (bar)
Thiago        25 esp  1  7 21 14 30 100 718 885  18   0   0    0   0   0   0   0   0   0   0   0   0   0   0 100 (psg)
Y_Kobayashi   25 jpn  1 12 18  6 30 100 820 550 820   0   0    0   0   0   0   0   0   0   0   0   0   0   0 100 (lib)
Cafú          24 por  1 12 18  6 30 100 856 961 821   0   0    0   0   0   0   0   0   0   0   0   0   0   0 100 (lib)
João_Mário    24 por  1  7 20 12 30 100 388 315 438   0   0    0   0   0   0   0   0   0   0   0   0   0   0 100 (int)
Lukas_Lerager 24 den  1 10 19  9 30 100 820  80 820   0   0    0   0   0   0   0   0   0   0   0   0   0   0 100 (lib)
M_Brozovic    24 cro  1 12 20  7 30 100 644 482 566   0   0    0   0   0   0   0   0   0   0   0   0   0   0 100 (int)
M_van_Ginkel  24 ned  1  8 19 10 30 100 596 640 614   0   0    0   0   0   0   0   0   0   0   0   0   0   0 100 (psv)
M_Verratti    24 ita  1 14 22  6 30 100 902  92 636   0   0    0   0   0   0   0   0   0   0   0   0   0   0 100 (bmu)
O_Hiljemark   24 swe  1 11 18  6 30 100 820 690 820   0   0    0   0   0   0   0   0   0   0   0   0   0   0 100 (lib)
P_Kasami      24 sui  1 10 18  7 30 100 820 567 825   0   0    0   0   0   0   0   0   0   0   0   0   0   0 100 (lib)
Paul_Pogba    24 fra  1 10 22 10 30 100 870 451 883   0   0    0   0   0   0   0   0   0   0   0   0   0   0 100 (bmu)
R_Aït-Atmane  24 alg  1 11 18  7 30 100 820 420 820   0   0    0   0   0   0   0   0   0   0   0   0   0   0 100 (lib)
Rafinha_Alc   24 bra  1  6 20 13 30 100 576  85 836   0   0    0   0   0   0   0   0   0   0   0   0   0   0 100 (s04)
Remo_Freuler  24 sui  1  9 18  8 30 100 820 711 820   0   0    0   0   0   0   0   0   0   0   0   0   0   0 100 (lib)
Ryota_Oshima  24 jpn  1 10 18  8 30 100 820 160 820   0   0    0   0   0   0   0   0   0   0   0   0   0   0 100 (lib)
S_Sturaro     24 ita  1 10 19  8 30 100 698 335 724   0   0    0   0   0   0   0   0   0   0   0   0   0   0 100 (juv)
Simon_Thern   24 swe  1  7 18 10 30 100 820 560 820   0   0    0   0   0   0   0   0   0   0   0   0   0   0 100 (lib)
André_Gomes   23 por  1 13 20  6 30 100 690 975 718   0   0    0   0   0   0   0   0   0   0   0   0   0   0 100 (bar)
C_Nörgaard    23 den  1 12 18  6 30 100 820 290 820   0   0    0   0   0   0   0   0   0   0   0   0   0   0 100 (lib)
H_Belkebla    23 alg  1  9 18  9 30 100 820  30 820   0   0    0   0   0   0   0   0   0   0   0   0   0   0 100 (lib)
Ivan_Mocinic  23 cro  1 11 18  6 30 100 820 461 820   0   0    0   0   0   0   0   0   0   0   0   0   0   0 100 (lib)
L_Christensen 23 den  1  9 18  9 30 100 820  30 820   0   0    0   0   0   0   0   0   0   0   0   0   0   0 100 (lib)
M_Ritzmaier   23 aut  1  7 17 10 30 100 740 979 771   0   0    0   0   0   0   0   0   0   0   0   0   0   0 100 (psg)
Mario_Lemina  23 gab  1 12 19  6 30 100 660 416 702   0   0    0   0   0   0   0   0   0   0   0   0   0   0 100 (juv)
R_Pizarro     23 mex  1 11 18  7 30 100 844 977 820   0   0    0   0   0   0   0   0   0   0   0   0   0   0 100 (lib)
S_Cristóforo  23 uru  1 12 19  6 30 100 886 363 928   0   0    0   0   0   0   0   0   0   0   0   0   0   0 100 (lib)
Sergi_Darder  23 esp  1 10 19  8 30 100 466 745 411   0   0    0   0   0   0   0   0   0   0   0   0   0   0 100 (bmu)
V_Yurchenko   23 ukr  1  8 17  9 30 100 726 838 694   0   0    0   0   0   0   0   0   0   0   0   0   0   0 100 (ble)
Yassin_Ayoub  23 ned  1  7 19 11 30 100 820 110 820   0   0    0   0   0   0   0   0   0   0   0   0   0   0 100 (lib)
Álvaro_Medrán 23 esp  1 12 18  6 30 100 232 957 169   0   0    0   0   0   0   0   0   0   0   0   0   0   0 100 (val)
A_Hjulsager   22 den  1  7 17 10 30 100 820 900 820   0   0    0   0   0   0   0   0   0   0   0   0   0   0 100 (lib)
C_Gartner     22 aut  1 10 18  7 30 100 820  87 820   0   0    0   0   0   0   0   0   0   0   0   0   0   0 100 (lib)
C_Tolisso     22 fra  1 14 20  5 30 100 272 127 140   0   0    0   0   0   0   0   0   0   0   0   0   0   0 100 (lyo)
Dennis_Praet  22 bel  1  6 19 12 30 100 820 410 820   0   0    0   0   0   0   0   0   0   0   0   0   0   0 100 (lib)
J_Kimmich     22 ger  1 13 20  6 30 100 784 356 651   0   0    0   0   0   0   0   0   0   0   0   0   0   0 100 (juv)
J_Ward-Prowse 22 eng  1  8 19 10 30 100 820 260 820   0   0    0   0   0   0   0   0   0   0   0   0   0   0 100 (lib)
Karol_Linetty 22 pol  1 12 19  6 30 100 842 198 906   0   0    0   0   0   0   0   0   0   0   0   0   0   0 100 (lib)
L_Paredes     22 arg  1  7 19 11 30 100 124 265 292   0   0    0   0   0   0   0   0   0   0   0   0   0   0 100 (rom)
Leon_Goretzka 22 ger  1  6 20 13 30 100 428 427 627   0   0    0   0   0   0   0   0   0   0   0   0   0   0 100 (mci)
Marco_Benassi 22 ita  1 10 20  8 30 100 734 246 840   0   0    0   0   0   0   0   0   0   0   0   0   0   0 100 (liv)
Mario_Pasalic 22 cro  1 11 19  7 30 100 712 470 708   0   0    0   0   0   0   0   0   0   0   0   0   0   0 100 (psg)
Mateo_Kovacic 22 cro  1  7 20 12 30 100 646 580 798   0   0    0   0   0   0   0   0   0   0   0   0   0   0 100 (rma)
Morgan_Sanson 22 fra  1 12 20  7 30 100 188  94 136   0   0    0   0   0   0   0   0   0   0   0   0   0   0 100 (oma)
N_Bentaleb    22 alg  1 12 19  6 30 100 112 244 146   0   0    0   0   0   0   0   0   0   0   0   0   0   0 100 (s04)
Nemanja_M     22 srb  1 10 18  8 30 100 820 550 820   0   0    0   0   0   0   0   0   0   0   0   0   0   0 100 (lib)
P-E_Höjbjerg  22 den  1 11 19  8 30 100 820  80 820   0   0    0   0   0   0   0   0   0   0   0   0   0   0 100 (lib)
P_Zielinski   22 pol  1  6 20 12 30 100 718 290 925   0   0    0   0   0   0   0   0   0   0   0   0   0   0 100 (mun)
R_Gagliardini 22 ita  1 13 19  5 30 100 630 687 600   0   0    0   0   0   0   0   0   0   0   0   0   0   0 100 (int)
S_M-Savic     22 srb  1  8 20 12 30 100 820 140 820   0   0    0   0   0   0   0   0   0   0   0   0   0   0 100 (lib)
S_Tibbling    22 swe  1 11 18  6 30 100 802 815 792   0   0    0   0   0   0   0   0   0   0   0   0   0   0 100 (lib)
Saúl_Ñíguez   22 esp  1  7 20 12 30 100 722 566 914   0   0    0   0   0   0   0   0   0   0   0   0   0   0 100 (atm)
Seko_Fofana   22 civ  1 11 19  8 30 100 820  80 820   0   0    0   0   0   0   0   0   0   0   0   0   0   0 100 (lib)
Tonny_Vilhena 22 ned  1  8 19 10 30 100 820 410 820   0   0    0   0   0   0   0   0   0   0   0   0   0   0 100 (lib)
Wylan_Cyprien 22 fra  1  8 19 10 30 100 714 861 699   0   0    0   0   0   0   0   0   0   0   0   0   0   0 100 (nic)
A_Gnoukouri   21 civ  1 10 18  8 30 100 820 290 820   0   0    0   0   0   0   0   0   0   0   0   0   0   0 100 (lib)
Adrien_Rabiot 21 fra  1 12 20  7 30 100 798 523 739   0   0    0   0   0   0   0   0   0   0   0   0   0   0 100 (mil)
F_Grillitsch  21 aut  1 10 18  7 30 100 834 768 826   0   0    0   0   0   0   0   0   0   0   0   0   0   0 100 (lib)
Harry_Winks   21 eng  1  7 18 10 30 100 832 461 821   0   0    0   0   0   0   0   0   0   0   0   0   0   0 100 (lib)
Loftus-Cheek  21 eng  1  6 17 11 30 100 112 476 133   0   0    0   0   0   0   0   0   0   0   0   0   0   0 100 (che)
M_Dahoud      21 ger  1 11 19  7 30 100 686 907 782   0   0    0   0   0   0   0   0   0   0   0   0   0   0 100 (liv)
O_Pineda      21 mex  1  9 19  8 30 100 822 142 825   0   0    0   0   0   0   0   0   0   0   0   0   0   0 100 (lib)
P_Billing     21 den  1 11 17  6 30 100 820 900 820   0   0    0   0   0   0   0   0   0   0   0   0   0   0 100 (lib)
Renato_Tapia  21 per  1 12 18  6 30 100 820 590 820   0   0    0   0   0   0   0   0   0   0   0   0   0   0 100 (lib)
V_Koziello    21 fra  1 12 19  6 30 100 758 783 576   0   0    0   0   0   0   0   0   0   0   0   0   0   0 100 (nic)
Will_Hughes   21 eng  1 10 19  8 30 100 820 110 820   0   0    0   0   0   0   0   0   0   0   0   0   0   0 100 (lib)
Z_Machach     21 fra  1 10 17  7 30 100 114 695 113   0   0    0   0   0   0   0   0   0   0   0   0   0   0 100 (oma)
É_Gutiérrez   21 mex  1 11 19  7 30 100 820 343 822   0   0    0   0   0   0   0   0   0   0   0   0   0   0 100 (lib)
André_Horta   20 por  1  7 19 11 30 100 584 465 791   0   0    0   0   0   0   0   0   0   0   0   0   0   0 100 (slb)
Andrés_Tello  20 col  1 10 18  7 30 100 820 114 820   0   0    0   0   0   0   0   0   0   0   0   0   0   0 100 (lib)
Carlos_Soler  20 esp  1  6 18 12 30 100 139 973 247   0   0    0   0   0   0   0   0   0   0   0   0   0   0 100 (val)
D_Zakaria     20 sui  1 11 18  6 30 100 820 481 820   0   0    0   0   0   0   0   0   0   0   0   0   0   0 100 (lib)
Dani_Ceballos 20 esp  1  8 19 10 30 100 230 307 163   0   0    0   0   0   0   0   0   0   0   0   0   0   0 100 (s04)
L_Pellegrini  20 ita  1 10 19  8 30 100 820 430 820   0   0    0   0   0   0   0   0   0   0   0   0   0   0 100 (lib)
Lewis_Cook    20 eng  1  6 18 11 30 100 820 364 821   0   0    0   0   0   0   0   0   0   0   0   0   0   0 100 (lib)
M_Duelund     20 den  1  8 18 10 30 100 820  30 820   0   0    0   0   0   0   0   0   0   0   0   0   0   0 100 (lib)
Marc_Roca     20 esp  1 12 18  6 30 100 820 990 820   0   0    0   0   0   0   0   0   0   0   0   0   0   0 100 (lib)
Marko_Grujic  20 srb  1  8 18  9 30 100 592 388 705   0   0    0   0   0   0   0   0   0   0   0   0   0   0 100 (liv)
Mikel_Merino  20 esp  1 11 18  7 30 100 720 972 711   0   0    0   0   0   0   0   0   0   0   0   0   0   0 100 (bdo)
N_Barella     20 ita  1  9 18  8 30 100 820 350 820   0   0    0   0   0   0   0   0   0   0   0   0   0   0 100 (lib)
R_Bazoer      20 ned  1 10 19  8 30 100 820 130 820   0   0    0   0   0   0   0   0   0   0   0   0   0   0 100 (lib)
S_Amrabat     20 mar  1 11 18  7 30 100 820 990 820   0   0    0   0   0   0   0   0   0   0   0   0   0   0 100 (lib)
Teddy_Bishop  20 eng  1  8 18  9 30 100 820 107 821   0   0    0   0   0   0   0   0   0   0   0   0   0   0 100 (lib)
Y_Bennasser   20 mar  1 11 18  6 30 100 820 610 820   0   0    0   0   0   0   0   0   0   0   0   0   0   0 100 (lib)
C_Nkunku      19 fra  1  7 18 10 30 100 616 595 852   0   0    0   0   0   0   0   0   0   0   0   0   0   0 100 (ars)
D_van_de_Beek 19 ned  1  7 18 10 30 100  98 291 132   0   0    0   0   0   0   0   0   0   0   0   0   0   0 100 (ajx)
F_de_Jong     19 ned  1  8 17  9 30 100 128 937 147   0   0    0   0   0   0   0   0   0   0   0   0   0   0 100 (ajx)
I_Bennacer    19 alg  1  6 17 11 30 100 820 240 820   0   0    0   0   0   0   0   0   0   0   0   0   0   0 100 (lib)
J_T_L_Amani   19 civ  1  9 18  9 30 100 820 160 820   0   0    0   0   0   0   0   0   0   0   0   0   0   0 100 (lib)
Konrad_Laimer 19 aut  1  7 18 10 30 100 818 122 836   0   0    0   0   0   0   0   0   0   0   0   0   0   0 100 (lib)
Maxime_López  19 fra  1  8 18 10 30 100 212 975 246   0   0    0   0   0   0   0   0   0   0   0   0   0   0 100 (oma)
R_Betancur    19 uru  1  9 18  8 30 100 648 526 719   0   0    0   0   0   0   0   0   0   0   0   0   0   0 100 (bar)
Renato_S      19 por  1  7 19 11 30 100 126 155 237   0   0    0   0   0   0   0   0   0   0   0   0   0   0 100 (ajx)
Y_Tielemans   19 bel  1  8 19 10 30 100 732 883 913   0   0    0   0   0   0   0   0   0   0   0   0   0   0 100 (asm)
Houssem_Aouar 18 fra  1  6 17 10 30 100 134 321 252   0   0    0   0   0   0   0   0   0   0   0   0   0   0 100 (lyo)
Tom_Davies    18 eng  1  6 17 10 30 100  86  75 165   0   0    0   0   0   0   0   0   0   0   0   0   0   0 100 (eve)
