Name         Age Nat St Tk Ps Sh Ag KAb TAb PAb SAb Gam Sub  Min Mom Sav Con Ktk Kps Sht Gls Ass  DP Inj Sus Fit
----------------------------------------------------------------------------------------------------------------
Jhoel_Herrera 37 per  1 17  9  4 30 100 540 820 820   0   0    0   0   0   0   0   0   0   0   0   0   0   0 100 (lib)
Daniel_Díaz   36 arg  1 18  1  1 30 100 450 820 820   0   0    0   0   0   0   0   0   0   0   0   0   0   0 100 (lib)
John_Terry    36 eng  1 19  1  1 30 100 391  91 131   0   0    0   0   0   0   0   0   0   0   0   0   0   0 100 (che)
Luisão        36 bra  1 19  1  1 30 100 130 820 820   0   0    0   0   0   0   0   0   0   0   0   0   0   0 100 (lib)
M_Wasilewski  36 pol  1 17  1  1 30 100 259 103  97   0   0    0   0   0   0   0   0   0   0   0   0   0   0 100 (lib)
A_Barzagli    35 ita  1 21  1  1 30 100   2 657 674   0   0    0   0   0   0   0   0   0   0   0   0   0   0 100 (juv)
Bruno_Alves   35 por  1 19  1  1 30 100 170 820 820   0   0    0   0   0   0   0   0   0   0   0   0   0   0 100 (lib)
C_Maggio      35 ita  1 18  9  5 30 100 671 659 745   0   0    0   0   0   0   0   0   0   0   0   0   0   0 100 (nap)
D_Bonera      35 ita  1 18  1  1 30 100 870 820 820   0   0    0   0   0   0   0   0   0   0   0   0   0   0 100 (lib)
Maxwell       35 bra  1 19  9  5 30 100 363 795 718   0   0    0   0   0   0   0   0   0   0   0   0   0   0 100 (psg)
Nadir_Belhadj 35 alg  1 18  9  5 30 100  30 820 820   0   0    0   0   0   0   0   0   0   0   0   0   0   0 100 (lib)
Patrice_Evra  35 fra  1 19 10  5 30 100 899 225 171   0   0    0   0   0   0   0   0   0   0   0   0   0   0 100 (oma)
Rod_Fanni     35 fra  1 18  1  1 30 100 469  98 103   0   0    0   0   0   0   0   0   0   0   0   0   0   0 100 (oma)
Bacary_Sagna  34 fra  1 19 11  6 30 100 929 897 744   0   0    0   0   0   0   0   0   0   0   0   0   0   0 100 (mci)
Darijo_Srna   34 cro  1 19 11  7 30 100 748 971 854   0   0    0   0   0   0   0   0   0   0   0   0   0   0 100 (lib)
E_Eboué       34 civ  1 19 11  5 30 100 290 820 820   0   0    0   0   0   0   0   0   0   0   0   0   0   0 100 (lib)
Jonas_Olsson  34 swe  1 18  1  1 30 100 862 832 818   0   0    0   0   0   0   0   0   0   0   0   0   0   0 100 (lib)
José_Fonte    34 por  1 19  1  1 30 100 879 645 643   0   0    0   0   0   0   0   0   0   0   0   0   0   0 100 (lib)
Naldo         34 bra  1 19  1  1 30 100 869  68  49   0   0    0   0   0   0   0   0   0   0   0   0   0   0 100 (s04)
Pepe          34 por  1 21  1  1 30 100 121 545 556   0   0    0   0   0   0   0   0   0   0   0   0   0   0 100 (rma)
Phil_Jagielka 34 eng  1 19  1  1 30 100 303  93 116   0   0    0   0   0   0   0   0   0   0   0   0   0   0 100 (eve)
S_Riether     34 ger  1 17  9  4 30 100 938 458 459   0   0    0   0   0   0   0   0   0   0   0   0   0   0 100 (lib)
A_Rodríguez   33 per  1 18  1  1 30 100 690 820 820   0   0    0   0   0   0   0   0   0   0   0   0   0   0 100 (lib)
A_Rukavina    33 srb  1 19 11  5 30 100 290 820 820   0   0    0   0   0   0   0   0   0   0   0   0   0   0 100 (lib)
B_Ivanovic    33 srb  1 20  1  1 30 100 320 820 820   0   0    0   0   0   0   0   0   0   0   0   0   0   0 100 (lib)
C_Jallet      33 fra  1 19 11  5 30 100  23 191  91   0   0    0   0   0   0   0   0   0   0   0   0   0   0 100 (lyo)
C_Vilches     33 chi  1 18  1  1 30 100 302 805 799   0   0    0   0   0   0   0   0   0   0   0   0   0   0 100 (lib)
Dani_Alves    33 bra  1 20 11  5 30 100 929 812 654   0   0    0   0   0   0   0   0   0   0   0   0   0   0 100 (psg)
Dante         33 bra  1 20  1  1 30 100 390 688 567   0   0    0   0   0   0   0   0   0   0   0   0   0   0 100 (nic)
Dusan_Basta   33 srb  1 19 11  7 30 100 960 820 820   0   0    0   0   0   0   0   0   0   0   0   0   0   0 100 (lib)
Eliseu        33 por  1 19  9  5 30 100 290 820 820   0   0    0   0   0   0   0   0   0   0   0   0   0   0 100 (lib)
Farid_Díaz    33 col  1 18  5  4 30 100 712 832 819   0   0    0   0   0   0   0   0   0   0   0   0   0   0 100 (lib)
H_Westermann  33 ger  1 18  1  1 30 100 341 820 820   0   0    0   0   0   0   0   0   0   0   0   0   0   0 100 (lib)
J_Mathieu     33 fra  1 19  1  1 30 100 970 675 668   0   0    0   0   0   0   0   0   0   0   0   0   0   0 100 (sev)
James_Collins 33 wal  1 19  1  1 30 100 238 757 756   0   0    0   0   0   0   0   0   0   0   0   0   0   0 100 (lib)
Lichtsteiner  33 sui  1 20 11  7 30 100 939 842 753   0   0    0   0   0   0   0   0   0   0   0   0   0   0 100 (juv)
N_Pareja      33 arg  1 19  1  1 30 100 530  62  48   0   0    0   0   0   0   0   0   0   0   0   0   0   0 100 (sev)
P_de_La_Haza  33 per  1 17 10  4 30 100 870 820 820   0   0    0   0   0   0   0   0   0   0   0   0   0   0 100 (lib)
Philipp_Lahm  33 ger  1 22 19  6 30  93 360 192 749   0   0    0   0   0   0   0   0   0   0   0   0   0   0 100 (bmu)
R_Guizasola   33 per  1 17 10  4 30 100 630 820 820   0   0    0   0   0   0   0   0   0   0   0   0   0   0 100 (lib)
S_von_Bergen  33 sui  1 18  1  1 30 100 341 820 820   0   0    0   0   0   0   0   0   0   0   0   0   0   0 100 (lib)
Wes_Morgan    33 jam  1 19  1  1 30 100 110  90  80   0   0    0   0   0   0   0   0   0   0   0   0   0   0 100 (lei)
A_Williams    32 wal  1 20  1  1 30 100 115  66  71   0   0    0   0   0   0   0   0   0   0   0   0   0   0 100 (eve)
Andrea_Raggi  32 ita  1 19  1  1 30 146 397 686 688   0   0    0   0   0   0   0   0   0   0   0   0   0   0 100 (asm)
Carl_Medjani  32 alg  1 18  1  1 30 100 550 820 820   0   0    0   0   0   0   0   0   0   0   0   0   0   0 100 (lib)
Dusko_Tosic   32 srb  1 18  1  1 30 100 930 820 820   0   0    0   0   0   0   0   0   0   0   0   0   0   0 100 (lib)
G_Alcoba      32 uru  1 19  1  1 30 100 140 820 820   0   0    0   0   0   0   0   0   0   0   0   0   0   0 100 (lib)
G_Chiellini   32 ita  1 21  1  1 30 110 884 615 657   0   0    0   0   0   0   0   0   0   0   0   0   0   0 100 (juv)
Glen_Johnson  32 eng  1 19 11  4 30 100 290 820 820   0   0    0   0   0   0   0   0   0   0   0   0   0   0 100 (lib)
Gonzalo_Rguez 32 arg  1 20  1  1 30 100 340 820 827   0   0    0   0   0   0   0   0   0   0   0   0   0   0 100 (lib)
Henri_Bedimo  32 cmr  1 18  9  5 30 100 766 289 108   0   0    0   0   0   0   0   0   0   0   0   0   0   0 100 (oma)
J_Basanta     32 arg  1 18  1  1 30 100 874 820 821   0   0    0   0   0   0   0   0   0   0   0   0   0   0 100 (lib)
Juanfran      32 esp  1 20 11  6 30 100 553 840 701   0   0    0   0   0   0   0   0   0   0   0   0   0   0 100 (atm)
Jérémy_Morel  32 fra  1 18 11  5 30 100 781 272 140   0   0    0   0   0   0   0   0   0   0   0   0   0   0 100 (lyo)
K_Chiba       32 jpn  1 17  1  1 30 100 900 820 820   0   0    0   0   0   0   0   0   0   0   0   0   0   0 100 (lib)
L_Baines      32 eng  1 20 11  6 30 100 445 350 103   0   0    0   0   0   0   0   0   0   0   0   0   0   0 100 (eve)
Maxi_Pereira  32 uru  1 19 11  5 30 100 389 369 127   0   0    0   0   0   0   0   0   0   0   0   0   0   0 100 (opo)
Miranda       32 bra  1 21  1  1 30 100 388 418 460   0   0    0   0   0   0   0   0   0   0   0   0   0   0 100 (int)
N_Lombaerts   32 bel  1 19  1  1 30 100 650 790 792   0   0    0   0   0   0   0   0   0   0   0   0   0   0 100 (lib)
O_González    32 chi  1 18  1  1 30 100 496 827 820   0   0    0   0   0   0   0   0   0   0   0   0   0   0 100 (lib)
P_Mertesacker 32 ger  1 20  1  1 30 100 399 676 628   0   0    0   0   0   0   0   0   0   0   0   0   0   0 100 (ars)
P_Zabaleta    32 arg  1 20 11  7 30 110 560 941 873   0   0    0   0   0   0   0   0   0   0   0   0   0   0 100 (mci)
R_Cereceda    32 chi  1 17  9  4 30 100 960 820 820   0   0    0   0   0   0   0   0   0   0   0   0   0   0 100 (lib)
R_Hilbert     32 ger  1 19 11  5 30 100  28 798 709   0   0    0   0   0   0   0   0   0   0   0   0   0   0 100 (ble)
Robert_Huth   32 ger  1 19  1  1 30 100 281  66  81   0   0    0   0   0   0   0   0   0   0   0   0   0   0 100 (lei)
Ron_Vlaar     32 ned  1 19  1  1 30 100 290 820 820   0   0    0   0   0   0   0   0   0   0   0   0   0   0 100 (lib)
S_Yamamoto    32 jpn  1 17 10  5 30 100 680 820 820   0   0    0   0   0   0   0   0   0   0   0   0   0   0 100 (lib)
Sol_Bamba     32 civ  1 18  1  1 30 100 550 820 820   0   0    0   0   0   0   0   0   0   0   0   0   0   0 100 (lib)
Thiago_Silva  32 bra  1 22  1  1 30 100 436 705 607   0   0    0   0   0   0   0   0   0   0   0   0   0   0 100 (mil)
A_Granqvist   31 swe  1 19  1  1 30 100 969 803 808   0   0    0   0   0   0   0   0   0   0   0   0   0   0 100 (lib)
A_Kolarov     31 srb  1 20 10  6 30 100 187 869 813   0   0    0   0   0   0   0   0   0   0   0   0   0   0 100 (mci)
A_Valencia    31 ecu  1 20 11  6 30 100 646 795 727   0   0    0   0   0   0   0   0   0   0   0   0   0   0 100 (mun)
Adil_Rami     31 fra  1 19  1  1 30 100 966  55  33   0   0    0   0   0   0   0   0   0   0   0   0   0   0 100 (sev)
Andreas_Ulmer 31 aut  1 18 10  5 30 100 482 834 820   0   0    0   0   0   0   0   0   0   0   0   0   0   0 100 (lib)
B_Trémoulinas 31 fra  1 19 11  6 30 100 847 403 105   0   0    0   0   0   0   0   0   0   0   0   0   0   0 100 (sev)
Craig_Morgan  31 wal  1 18  1  1 30 100  80 820 820   0   0    0   0   0   0   0   0   0   0   0   0   0   0 100 (lib)
Daiki_Niwa    31 jpn  1 18  1  1 30 100 160 820 820   0   0    0   0   0   0   0   0   0   0   0   0   0   0 100 (lib)
Diego_Godín   31 uru  1 21  1  1 30 100 956 660 671   0   0    0   0   0   0   0   0   0   0   0   0   0   0 100 (atm)
Filipe_Luís   31 bra  1 21 12  6 30 100 394 988 760   0   0    0   0   0   0   0   0   0   0   0   0   0   0 100 (atm)
G_Paletta     31 ita  1 20  1  1 30 100 257 610 485   0   0    0   0   0   0   0   0   0   0   0   0   0   0 100 (mil)
G_Rodríguez   31 mex  1 18  9  4 30 100 210 820 820   0   0    0   0   0   0   0   0   0   0   0   0   0   0 100 (lib)
Gary_Cahill   31 eng  1 20  1  1 30 100 409  87  87   0   0    0   0   0   0   0   0   0   0   0   0   0   0 100 (che)
Gaël_Clichy   31 fra  1 19  9  5 30 100 613 793 760   0   0    0   0   0   0   0   0   0   0   0   0   0   0 100 (mci)
Gonzalo_Jara  31 chi  1 19  1  1 30 100 184 812 804   0   0    0   0   0   0   0   0   0   0   0   0   0   0 100 (lib)
Igor_Lewczuk  31 pol  1 18  1  1 30 100 612 820 820   0   0    0   0   0   0   0   0   0   0   0   0   0   0 100 (lib)
Ismaël_Traoré 31 civ  1 19  1  1 30 100 230 820 820   0   0    0   0   0   0   0   0   0   0   0   0   0   0 100 (lib)
Jardel        31 bra  1 20  1  1 30 100 211 688 681   0   0    0   0   0   0   0   0   0   0   0   0   0   0 100 (slb)
L_Koscielny   31 fra  1 21  1  1 30  90 396 680 696   0   0    0   0   0   0   0   0   0   0   0   0   0   0 100 (ars)
L_Piszczek    31 pol  1 21 10  5 30 100 214 970 768   0   0    0   0   0   0   0   0   0   0   0   0   0   0 100 (bdo)
Loïc_Perrin   31 fra  1 20  1  1 30 100 320 746 697   0   0    0   0   0   0   0   0   0   0   0   0   0   0 100 (nic)
Luisinho      31 por  1 19 11  5 30 100 140 820 820   0   0    0   0   0   0   0   0   0   0   0   0   0   0 100 (lib)
M_Benmoussa   31 alg  1 18  9  5 30 100 420 820 820   0   0    0   0   0   0   0   0   0   0   0   0   0   0 100 (lib)
M_Bjarsmyr    31 swe  1 18  1  1 30 100 341 820 820   0   0    0   0   0   0   0   0   0   0   0   0   0   0 100 (lib)
M_Caruzzo     31 arg  1 19  1  1 30 100 164 820 820   0   0    0   0   0   0   0   0   0   0   0   0   0   0 100 (lib)
M_Debuchy     31 fra  1 19 11  5 30 100 149 217 110   0   0    0   0   0   0   0   0   0   0   0   0   0   0 100 (lei)
M_Piedrahita  31 col  1 18  5  4 30 100 484 817 810   0   0    0   0   0   0   0   0   0   0   0   0   0   0 100 (lib)
Miguel_Britos 31 uru  1 19  1  1 30 100 140 820 820   0   0    0   0   0   0   0   0   0   0   0   0   0   0 100 (lib)
Nacho_Monreal 31 esp  1 19 11  7 30 100 838 743 765   0   0    0   0   0   0   0   0   0   0   0   0   0   0 100 (atm)
Oscar_Wendt   31 swe  1 19  9  5 30 100 703 851 818   0   0    0   0   0   0   0   0   0   0   0   0   0   0 100 (lib)
P_Netzer      31 aut  1 18  1  1 30 100 122 820 820   0   0    0   0   0   0   0   0   0   0   0   0   0   0 100 (lib)
Paul_Aguilar  31 mex  1 19 11  6 30 100 261 933 890   0   0    0   0   0   0   0   0   0   0   0   0   0   0 100 (lib)
R_Moriwaki    31 jpn  1 17  1  1 30 100 900 820 820   0   0    0   0   0   0   0   0   0   0   0   0   0   0 100 (lib)
R_Revoredo    31 per  1 17  9  5 30 100 780 820 820   0   0    0   0   0   0   0   0   0   0   0   0   0   0 100 (lib)
Rafinha       31 bra  1 19  9  5 30 100 135 260 153   0   0    0   0   0   0   0   0   0   0   0   0   0   0 100 (opo)
Ragnar_Klavan 31 est  1 19  1  1 30 100 668 705 671   0   0    0   0   0   0   0   0   0   0   0   0   0   0 100 (liv)
Raúl_Albiol   31 esp  1 20  1  1 30 100 602 563 705   0   0    0   0   0   0   0   0   0   0   0   0   0   0 100 (nap)
Reto_Ziegler  31 sui  1 18  1  1 30 100 642 820 820   0   0    0   0   0   0   0   0   0   0   0   0   0   0 100 (lib)
Rolando       31 por  1 18  1  1 30 100 960  88  61   0   0    0   0   0   0   0   0   0   0   0   0   0   0 100 (oma)
T_Vermaelen   31 bel  1 19  1  1 30 100 173  54  54   0   0    0   0   0   0   0   0   0   0   0   0   0   0 100 (psg)
Tomas_Hubocan 31 svk  1 18  1  1 30 100 308  80  81   0   0    0   0   0   0   0   0   0   0   0   0   0   0 100 (oma)
V_Corluka     31 cro  1 20  1  1 30 100 374 812 817   0   0    0   0   0   0   0   0   0   0   0   0   0   0 100 (lib)
Y_Kobayashi   31 jpn  1 17  9  4 30 100 240 820 820   0   0    0   0   0   0   0   0   0   0   0   0   0   0 100 (lib)
B_Angoua      30 civ  1 18  1  1 30 100 160 820 820   0   0    0   0   0   0   0   0   0   0   0   0   0   0 100 (lib)
C_Ansaldi     30 arg  1 20 11  6 30 100 366 885 682   0   0    0   0   0   0   0   0   0   0   0   0   0   0 100 (int)
C_Fuchs       30 aut  1 19  9  5 30 100  87 279 132   0   0    0   0   0   0   0   0   0   0   0   0   0   0 100 (lei)
C_Trimmel     30 aut  1 18 10  5 30 100 210 820 850   0   0    0   0   0   0   0   0   0   0   0   0   0   0 100 (lib)
C_Zapata      30 col  1 19  1  1 30 100 602 677 557   0   0    0   0   0   0   0   0   0   0   0   0   0   0 100 (mil)
D_Criscito    30 ita  1 20 11  5 30 100  51 763 779   0   0    0   0   0   0   0   0   0   0   0   0   0   0 100 (nap)
Daigo_Nishi   30 jpn  1 17  9  4 30 100 900 820 820   0   0    0   0   0   0   0   0   0   0   0   0   0   0 100 (lib)
Danny_Simpson 30 eng  1 18  7  4 30 100 759 212  96   0   0    0   0   0   0   0   0   0   0   0   0   0   0 100 (lei)
Davide_Astori 30 ita  1 20  1  1 30 100  40 820 820   0   0    0   0   0   0   0   0   0   0   0   0   0   0 100 (lib)
Dennis_Aogo   30 ger  1 18  9  5 30 100 406 154  92   0   0    0   0   0   0   0   0   0   0   0   0   0   0 100 (lib)
E_Garay       30 arg  1 20  1  1 30 100 291  73  55   0   0    0   0   0   0   0   0   0   0   0   0   0   0 100 (val)
E_Velarde     30 mex  1 18 10  5 30 100 220 818 823   0   0    0   0   0   0   0   0   0   0   0   0   0   0 100 (lib)
Edwin_Hdez    30 mex  1 18  9  4 30 100 470 820 820   0   0    0   0   0   0   0   0   0   0   0   0   0   0 100 (lib)
F_Fazio       30 arg  1 19  1  1 30 100 899  93  97   0   0    0   0   0   0   0   0   0   0   0   0   0   0 100 (rom)
Florian_Klein 30 aut  1 18 10  6 30 100 480 832 830   0   0    0   0   0   0   0   0   0   0   0   0   0   0 100 (lib)
G_Mercado     30 arg  1 18  9  5 30 100 780 176 140   0   0    0   0   0   0   0   0   0   0   0   0   0   0 100 (sev)
G_Siqueira    30 bra  1 18 11  5 30 100 840 271 166   0   0    0   0   0   0   0   0   0   0   0   0   0   0 100 (val)
Gerard_Piqué  30 esp  1 21  1  1 30 100 873 689 728   0   0    0   0   0   0   0   0   0   0   0   0   0   0 100 (bar)
Hans_Martínez 30 chi  1 17  1  1 30 100 830 820 820   0   0    0   0   0   0   0   0   0   0   0   0   0   0 100 (lib)
Hugo_Ayala    30 mex  1 19  1  1 30 100  62 820 825   0   0    0   0   0   0   0   0   0   0   0   0   0   0 100 (lib)
Ignazio_Abate 30 ita  1 19 11  5 30 100 691 927 674   0   0    0   0   0   0   0   0   0   0   0   0   0   0 100 (mil)
J_Djourou     30 sui  1 19  1  1 30 100 283 813 807   0   0    0   0   0   0   0   0   0   0   0   0   0   0 100 (lib)
Joo-Ho_Park   30 kor  1 18  7  4 30 100 928 615 701   0   0    0   0   0   0   0   0   0   0   0   0   0   0 100 (bdo)
Kosuke_Ota    30 jpn  1 18 11  5 30 100  30 820 820   0   0    0   0   0   0   0   0   0   0   0   0   0   0 100 (lib)
L_Antonelli   30 ita  1 19 11  5 30 100 595 777 645   0   0    0   0   0   0   0   0   0   0   0   0   0   0 100 (int)
L_Castán      30 bra  1 19  1  1 30 100 590 820 820   0   0    0   0   0   0   0   0   0   0   0   0   0   0 100 (lib)
Luis_Fuentes  30 mex  1 18 10  5 30 100 600 820 820   0   0    0   0   0   0   0   0   0   0   0   0   0   0 100 (lib)
M_Andreolli   30 ita  1 19  1  1 30 100 393 406 479   0   0    0   0   0   0   0   0   0   0   0   0   0   0 100 (int)
M_Momcilovic  30 srb  1 18  9  5 30 100 290 820 820   0   0    0   0   0   0   0   0   0   0   0   0   0   0 100 (lib)
M_Morishige   30 jpn  1 18  1  1 30 100 680 820 820   0   0    0   0   0   0   0   0   0   0   0   0   0   0 100 (lib)
Mariano       30 bra  1 19  9  5 30 100 199 142  88   0   0    0   0   0   0   0   0   0   0   0   0   0   0 100 (sev)
Mikale_Lustig 30 swe  1 18  9  4 30 100 600 820 820   0   0    0   0   0   0   0   0   0   0   0   0   0   0 100 (lib)
Nenad_Tomovic 30 srb  1 19 11  6 30 100 230 820 820   0   0    0   0   0   0   0   0   0   0   0   0   0   0 100 (lib)
Ousmane_Viera 30 civ  1 18  1  1 30 100 160 820 820   0   0    0   0   0   0   0   0   0   0   0   0   0   0 100 (lib)
P_De_Ceglie   30 ita  1 18 10  5 30 100  80 820 820   0   0    0   0   0   0   0   0   0   0   0   0   0   0 100 (lib)
Rasmus_B      30 swe  1 18  1  1 30 100 470 820 820   0   0    0   0   0   0   0   0   0   0   0   0   0   0 100 (lib)
Scott_Dann    30 eng  1 19  1  1 30 100 590 820 820   0   0    0   0   0   0   0   0   0   0   0   0   0   0 100 (lib)
Sergio_Ramos  30 esp  1 22  1  1 30 100 432 682 687   0   0    0   0   0   0   0   0   0   0   0   0   0   0 100 (rma)
T_Makino      30 jpn  1 18  1  1 30 100 160 820 820   0   0    0   0   0   0   0   0   0   0   0   0   0   0 100 (lib)
V_Kompany     30 bel  1 21  1  1 30 100 535 667 671   0   0    0   0   0   0   0   0   0   0   0   0   0   0 100 (tot)
Y_Benalouane  30 tun  1 18  1  1 30 100 458  88  93   0   0    0   0   0   0   0   0   0   0   0   0   0   0 100 (lei)
Yuto_Nagatomo 30 jpn  1 19 11  6 30 100  31 585 483   0   0    0   0   0   0   0   0   0   0   0   0   0   0 100 (mil)
A_Bjelland    29 den  1 18  1  1 30 100 680 820 820   0   0    0   0   0   0   0   0   0   0   0   0   0   0 100 (lib)
A_Hachoud     29 alg  1 18  9  5 30 100 930 820 820   0   0    0   0   0   0   0   0   0   0   0   0   0   0 100 (lib)
A_Jedrzejczyk 29 pol  1 19 11  6 30 100 236 959 859   0   0    0   0   0   0   0   0   0   0   0   0   0   0 100 (lib)
A_Ranocchia   29 ita  1 19  1  1 30 100  40 820 820   0   0    0   0   0   0   0   0   0   0   0   0   0   0 100 (lib)
Atsuto_Uchida 29 jpn  1 19 10  5 30 100 442 876 645   0   0    0   0   0   0   0   0   0   0   0   0   0   0 100 (mil)
B_Höwedes     29 ger  1 20  1  1 30 100 200 122  64   0   0    0   0   0   0   0   0   0   0   0   0   0   0 100 (s04)
Coke          29 esp  1 19 11  6 30 100 694 303 199   0   0    0   0   0   0   0   0   0   0   0   0   0   0 100 (s04)
D_Bocanegra   29 col  1 18  9  5 30 100 972 871 840   0   0    0   0   0   0   0   0   0   0   0   0   0   0 100 (lib)
David_Luiz    29 bra  1 20  1  1 30 100 667 428 396   0   0    0   0   0   0   0   0   0   0   0   0   0   0 100 (psg)
E_Botteghin   29 bra  1 19  1  1 30 100 640 820 820   0   0    0   0   0   0   0   0   0   0   0   0   0   0 100 (lib)
F_Acerbi      29 ita  1 20  1  1 30 100 270 820 820   0   0    0   0   0   0   0   0   0   0   0   0   0   0 100 (lib)
F_Roncaglia   29 arg  1 19  1  1 30 100 340 820 820   0   0    0   0   0   0   0   0   0   0   0   0   0   0 100 (lib)
Gil           29 bra  1 19  1  1 30 100 640 820 820   0   0    0   0   0   0   0   0   0   0   0   0   0   0 100 (lib)
Héctor_Moreno 29 mex  1 20  1  1 30 100 157 528 554   0   0    0   0   0   0   0   0   0   0   0   0   0   0 100 (rom)
I_Obradovic   29 srb  1 18 11  5 30 100 930 820 820   0   0    0   0   0   0   0   0   0   0   0   0   0   0 100 (lib)
Ivan_Strinic  29 cro  1 18  9  5 30 100 316 160 110   0   0    0   0   0   0   0   0   0   0   0   0   0   0 100 (opo)
Iván_Marcano  29 esp  1 20  1  1 30 100 349 558 700   0   0    0   0   0   0   0   0   0   0   0   0   0   0 100 (nap)
J_Domínguez   29 mex  1 18  1  1 30 100 391 820 820   0   0    0   0   0   0   0   0   0   0   0   0   0   0 100 (lib)
J_Vertonghen  29 bel  1 21  1  1 30 100 101 524 644   0   0    0   0   0   0   0   0   0   0   0   0   0   0 100 (tot)
Jagos_Vukovic 29 srb  1 19  1  1 30 100 230 820 820   0   0    0   0   0   0   0   0   0   0   0   0   0   0 100 (lib)
Jaume_Costa   29 esp  1 20 11  6 30 100 173 948 816   0   0    0   0   0   0   0   0   0   0   0   0   0   0 100 (vil)
Joel_Lynch    29 wal  1 18  1  1 30 100 422 816 816   0   0    0   0   0   0   0   0   0   0   0   0   0   0 100 (lib)
Kamil_Glik    29 pol  1 21  1  1 30 100   1 666 639   0   0    0   0   0   0   0   0   0   0   0   0   0   0 100 (asm)
Koki_Yonekura 29 jpn  1 17 10  5 30 100 680 820 820   0   0    0   0   0   0   0   0   0   0   0   0   0   0 100 (lib)
L_Bonucci     29 ita  1 21  1  1 30 100 789 649 648   0   0    0   0   0   0   0   0   0   0   0   0   0   0 100 (juv)
L_Vangioni    29 arg  1 19 11  5 30 100 100 852 791   0   0    0   0   0   0   0   0   0   0   0   0   0   0 100 (lib)
Lasse_Nielsen 29 den  1 18  1  1 30 100 290 820 820   0   0    0   0   0   0   0   0   0   0   0   0   0   0 100 (lib)
M_Balenziaga  29 esp  1 19 11  5 30 100 640 820 820   0   0    0   0   0   0   0   0   0   0   0   0   0   0 100 (lib)
M_Caceres     29 uru  1 20  1  1 30 100 231 805 815   0   0    0   0   0   0   0   0   0   0   0   0   0   0 100 (lib)
M_Schmelzer   29 ger  1 20 11  7 30 100 418 754 820   0   0    0   0   0   0   0   0   0   0   0   0   0   0 100 (bdo)
M_Suttner     29 aut  1 18 10  5 30 100 710 869 821   0   0    0   0   0   0   0   0   0   0   0   0   0   0 100 (lib)
Medhi_Benatia 29 mar  1 20  1  1 30 100 539 364 379   0   0    0   0   0   0   0   0   0   0   0   0   0   0 100 (psv)
Michael_Madl  29 aut  1 18  1  1 30 100 391 820 820   0   0    0   0   0   0   0   0   0   0   0   0   0   0 100 (lib)
Michal_Pazdan 29 pol  1 19  1  1 30 100 300 810 810   0   0    0   0   0   0   0   0   0   0   0   0   0   0 100 (lib)
N_Otamendi    29 arg  1 21  1  1 30 100 224 654 673   0   0    0   0   0   0   0   0   0   0   0   0   0   0 100 (mci)
N_Pejcinovic  29 srb  1 19  1  1 30 100 380 820 820   0   0    0   0   0   0   0   0   0   0   0   0   0   0 100 (lib)
R_Shawcross   29 eng  1 20  1  1 30 100 346 813 807   0   0    0   0   0   0   0   0   0   0   0   0   0   0 100 (lib)
Rhoys_Wiggins 29 wal  1 18  9  4 30 100 130 820 820   0   0    0   0   0   0   0   0   0   0   0   0   0   0 100 (lib)
S_Prödl       29 aut  1 19  1  1 30 100 428 813 807   0   0    0   0   0   0   0   0   0   0   0   0   0   0 100 (lib)
Tiago_Pinto   29 por  1 18 11  5 30 100 960 834 820   0   0    0   0   0   0   0   0   0   0   0   0   0   0 100 (lib)
Van_der_Wiel  29 ned  1 19  9  4 30 100 190 820 820   0   0    0   0   0   0   0   0   0   0   0   0   0   0 100 (lib)
A_Aldrete     28 mex  1 18  9  4 30 100 260 820 820   0   0    0   0   0   0   0   0   0   0   0   0   0   0 100 (lib)
A_Ogbonna     28 ita  1 19  1  1 30 100 920 820 820   0   0    0   0   0   0   0   0   0   0   0   0   0   0 100 (lib)
Alderweireld  28 bel  1 21  1  1 30 100 508 531 683   0   0    0   0   0   0   0   0   0   0   0   0   0   0 100 (tot)
Aldo_Corzo    28 per  1 18  9  4 30 100 360 820 820   0   0    0   0   0   0   0   0   0   0   0   0   0   0 100 (lib)
B_Hamalainen  28 den  1 18 11  6 30 100 420 820 820   0   0    0   0   0   0   0   0   0   0   0   0   0   0 100 (lib)
C_Ramos       28 per  1 19  1  1 30 100 600 820 820   0   0    0   0   0   0   0   0   0   0   0   0   0   0 100 (lib)
D_Carriço     28 por  1 19  1  1 30 100 688  51  41   0   0    0   0   0   0   0   0   0   0   0   0   0   0 100 (sev)
D_D'Ambrosio  28 ita  1 19  9  5 30 100  90 561 529   0   0    0   0   0   0   0   0   0   0   0   0   0   0 100 (int)
D_Schwaab     28 ger  1 18  1  1 30 100 887 514 517   0   0    0   0   0   0   0   0   0   0   0   0   0   0 100 (psv)
D_Suárez      28 uru  1 18 11  5 30 100 934 821 801   0   0    0   0   0   0   0   0   0   0   0   0   0   0 100 (lib)
E_Belkalem    28 alg  1 18  1  1 30 100 930 820 820   0   0    0   0   0   0   0   0   0   0   0   0   0   0 100 (lib)
E_Johansson   28 swe  1 18  1  1 30 100 900 820 820   0   0    0   0   0   0   0   0   0   0   0   0   0   0 100 (lib)
Enrique_Pérez 28 mex  1 18  1  1 30 100 391 820 820   0   0    0   0   0   0   0   0   0   0   0   0   0   0 100 (lib)
Erik_Pieters  28 ned  1 19  9  4 30 100 190 820 820   0   0    0   0   0   0   0   0   0   0   0   0   0   0 100 (lib)
F_Coentrão    28 por  1 19  9  5 30 100 335 730 613   0   0    0   0   0   0   0   0   0   0   0   0   0   0 100 (mci)
G_Margreitter 28 aut  1 18  1  1 30 100 692 827 820   0   0    0   0   0   0   0   0   0   0   0   0   0   0 100 (lib)
H_Badstuber   28 ger  1 19  1  1 30 100  77  90  81   0   0    0   0   0   0   0   0   0   0   0   0   0   0 100 (s04)
H_Dalsgaard   28 den  1 18 11  5 30 100 420 820 820   0   0    0   0   0   0   0   0   0   0   0   0   0   0 100 (lib)
H_Fujiharu    28 jpn  1 17  8  4 30 100 570 820 820   0   0    0   0   0   0   0   0   0   0   0   0   0   0 100 (lib)
J_Boateng     28 ger  1 22  1  1 30 100 361 695 566   0   0    0   0   0   0   0   0   0   0   0   0   0   0 100 (bmu)
James_Chester 28 wal  1 19  1  1 30 100  30 738 769   0   0    0   0   0   0   0   0   0   0   0   0   0   0 100 (lib)
James_Tomkins 28 eng  1 19  1  1 30 100 190 820 820   0   0    0   0   0   0   0   0   0   0   0   0   0   0 100 (lib)
Javi_Martínez 28 esp  1 21 19  1 30 100 409 511 680   0   0    0   0   0   0   0   0   0   0   0   0   0   0 100 (ars)
Jefferson     28 bra  1 19 11  5 30 100  82 820 820   0   0    0   0   0   0   0   0   0   0   0   0   0   0 100 (lib)
Jordi_Alba    28 esp  1 21 13  6 30 100 560  22 793   0   0    0   0   0   0   0   0   0   0   0   0   0   0 100 (bar)
Kazuki_Oiwa   28 jpn  1 17  9  4 30 100 460 820 820   0   0    0   0   0   0   0   0   0   0   0   0   0   0 100 (lib)
Kian_Hansen   28 den  1 18  1  1 30 100 420 820 820   0   0    0   0   0   0   0   0   0   0   0   0   0   0 100 (lib)
Kyle_Naughton 28 eng  1 19 11  5 30 100  40 820 820   0   0    0   0   0   0   0   0   0   0   0   0   0   0 100 (lib)
L_D_Silvestri 28 ita  1 19 11  5 30 100 190 820 820   0   0    0   0   0   0   0   0   0   0   0   0   0   0 100 (lib)
Luís_Neto     28 por  1 19  1  1 30 100 340 820 820   0   0    0   0   0   0   0   0   0   0   0   0   0   0 100 (lib)
Marcelo       28 bra  1 21 13  6 30 100 466  34 847   0   0    0   0   0   0   0   0   0   0   0   0   0   0 100 (rma)
Marin_Leovac  28 cro  1 18  9  4 30 100 391 820 820   0   0    0   0   0   0   0   0   0   0   0   0   0   0 100 (lib)
Martin_Olsson 28 swe  1 19 11  5 30 100 138 831 820   0   0    0   0   0   0   0   0   0   0   0   0   0   0 100 (lib)
Mats_Hummels  28 ger  1 22  1  1 30  79 293 680 594   0   0    0   0   0   0   0   0   0   0   0   0   0   0 100 (ars)
Mauricio_Isla 28 chi  1 19  9  5 30 100 505 886 822   0   0    0   0   0   0   0   0   0   0   0   0   0   0 100 (lib)
Maya_Yoshida  28 jpn  1 19  1  1 30 100  40 820 820   0   0    0   0   0   0   0   0   0   0   0   0   0   0 100 (lib)
Miguel_Layún  28 mex  1 20 11  7 30 100 226 583 350   0   0    0   0   0   0   0   0   0   0   0   0   0   0 100 (sev)
N_Milunovic   28 srb  1 18  1  1 30 100 680 820 820   0   0    0   0   0   0   0   0   0   0   0   0   0   0 100 (lib)
Neil_Taylor   28 wal  1 19  9  5 30 100 189 796 775   0   0    0   0   0   0   0   0   0   0   0   0   0   0 100 (lib)
Neven_Subotic 28 srb  1 19  1  1 30 100 380 820 820   0   0    0   0   0   0   0   0   0   0   0   0   0   0 100 (lib)
Paul_Baysse   28 fra  1 19  1  1 30 100 778 688 578   0   0    0   0   0   0   0   0   0   0   0   0   0   0 100 (bmu)
Pierre_B      28 swe  1 18 10  5 30 100 650 820 820   0   0    0   0   0   0   0   0   0   0   0   0   0   0 100 (lib)
R_Herrera     28 uru  1 18  1  1 30 100 391 820 820   0   0    0   0   0   0   0   0   0   0   0   0   0   0 100 (lib)
S_Coleman     28 irl  1 20 11  7 30 100  98 193  93   0   0    0   0   0   0   0   0   0   0   0   0   0   0 100 (eve)
S_Rajkovic    28 srb  1 19  1  1 30 100  80 820 820   0   0    0   0   0   0   0   0   0   0   0   0   0   0 100 (lib)
Simon_Kjaer   28 den  1 19  1  1 30 100 960 820 820   0   0    0   0   0   0   0   0   0   0   0   0   0   0 100 (lib)
Sokratis      28 gre  1 21  1  1 30 100 382 583 681   0   0    0   0   0   0   0   0   0   0   0   0   0   0 100 (bdo)
Timm_Klose    28 sui  1 19  1  1 30 100 214 827 820   0   0    0   0   0   0   0   0   0   0   0   0   0   0 100 (lib)
Víctor_Ruiz   28 esp  1 20  1  1 30 100 777 645 634   0   0    0   0   0   0   0   0   0   0   0   0   0   0 100 (vil)
Y_Maruyama    28 jpn  1 17  1  1 30 100 570 820 820   0   0    0   0   0   0   0   0   0   0   0   0   0   0 100 (lib)
Óscar_Murillo 28 col  1 19  1  1 30 100 190 820 820   0   0    0   0   0   0   0   0   0   0   0   0   0   0 100 (lib)
A_Abdennour   27 tun  1 19  1  1 30 100 136  99  59   0   0    0   0   0   0   0   0   0   0   0   0   0   0 100 (val)
A_Bamba       27 civ  1 18  9  5 30 100 290 820 820   0   0    0   0   0   0   0   0   0   0   0   0   0   0 100 (lib)
A_Cresswell   27 eng  1 19 11  5 30 100 190 820 820   0   0    0   0   0   0   0   0   0   0   0   0   0   0 100 (lib)
A_Santos      27 bra  1 18  1  1 30 100 870  89  89   0   0    0   0   0   0   0   0   0   0   0   0   0   0 100 (val)
Adama_Traoré  27 civ  1 18 11  5 30 100 550 820 820   0   0    0   0   0   0   0   0   0   0   0   0   0   0 100 (lib)
Aleix_Vidal   27 esp  1 19 11  5 30 100 264 781 709   0   0    0   0   0   0   0   0   0   0   0   0   0   0 100 (bar)
Alex_Silva    27 uru  1 18  9  4 30 100 520 827 820   0   0    0   0   0   0   0   0   0   0   0   0   0   0 100 (lib)
André_Pinto   27 por  1 19  1  1 30 100 340 820 820   0   0    0   0   0   0   0   0   0   0   0   0   0   0 100 (lib)
B_Boudebouda  27 alg  1 17  9  4 30 100 680 820 820   0   0    0   0   0   0   0   0   0   0   0   0   0   0 100 (lib)
B_Espinosa    27 col  1 19  1  1 30 100 586 820 826   0   0    0   0   0   0   0   0   0   0   0   0   0   0 100 (lib)
Ben_Mee       27 eng  1 18  9  5 30 100 900 820 820   0   0    0   0   0   0   0   0   0   0   0   0   0   0 100 (lib)
Bruno_Peres   27 bra  1 19 11  4 30 100 453 300 132   0   0    0   0   0   0   0   0   0   0   0   0   0   0 100 (rom)
C_Azpilicueta 27 esp  1 20 10  5 30 100 305 355 166   0   0    0   0   0   0   0   0   0   0   0   0   0   0 100 (che)
C_Smalling    27 eng  1 20  1  1 30 100 497 357 367   0   0    0   0   0   0   0   0   0   0   0   0   0   0 100 (slb)
C_Zambrano    27 per  1 19  1  1 30 100 490 820 820   0   0    0   0   0   0   0   0   0   0   0   0   0   0 100 (lib)
Chris_Gunter  27 wal  1 18 10  5 30 100 390 781 773   0   0    0   0   0   0   0   0   0   0   0   0   0   0 100 (lib)
D_Benlamri    27 alg  1 18  1  1 30 100 290 820 820   0   0    0   0   0   0   0   0   0   0   0   0   0   0 100 (lib)
Daley_Blind   27 ned  1 19 10  6 30 100 822 256 145   0   0    0   0   0   0   0   0   0   0   0   0   0   0 100 (che)
Daryl_Janmaat 27 ned  1 19 11  5 30 100 340 820 820   0   0    0   0   0   0   0   0   0   0   0   0   0   0 100 (lib)
Dejan_Lovren  27 cro  1 20  1  1 30 100 727 687 722   0   0    0   0   0   0   0   0   0   0   0   0   0   0 100 (liv)
E_García      27 mex  1 18  9  5 30 100 391 820 820   0   0    0   0   0   0   0   0   0   0   0   0   0   0 100 (lib)
F_Navarro     27 mex  1 18 10  6 30 100 391 820 820   0   0    0   0   0   0   0   0   0   0   0   0   0   0 100 (lib)
Farouk_Chafaï 27 alg  1 18  1  1 30 100 160 820 820   0   0    0   0   0   0   0   0   0   0   0   0   0   0 100 (lib)
Felipe        27 bra  1 19  1  1 30 100 597  37  29   0   0    0   0   0   0   0   0   0   0   0   0   0   0 100 (opo)
Hiram_Mier    27 mex  1 18  1  1 30 100 260 820 820   0   0    0   0   0   0   0   0   0   0   0   0   0   0 100 (lib)
Hrvoje_Milic  27 cro  1 19  9  5 30 100  36 831 876   0   0    0   0   0   0   0   0   0   0   0   0   0   0 100 (lib)
I_Jiménez     27 mex  1 18 10  5 30 100 556 815 808   0   0    0   0   0   0   0   0   0   0   0   0   0   0 100 (lib)
Ivan_Tomecak  27 cro  1 17  8  4 30 100 690 820 820   0   0    0   0   0   0   0   0   0   0   0   0   0   0 100 (lib)
Ivo_Pinto     27 por  1 19 11  5 30 100  76 827 820   0   0    0   0   0   0   0   0   0   0   0   0   0   0 100 (lib)
Jesús_Sánchez 27 mex  1 18  9  4 30 100 391 820 820   0   0    0   0   0   0   0   0   0   0   0   0   0   0 100 (lib)
Joel_Ward     27 eng  1 19 10  5 30 100  40 820 820   0   0    0   0   0   0   0   0   0   0   0   0   0   0 100 (lib)
José_Ángel    27 esp  1 19 12  5 30 100 200   4 738   0   0    0   0   0   0   0   0   0   0   0   0   0   0 100 (vil)
K_T-Catherine 27 fra  1 19 11  5 30 100  40 820 820   0   0    0   0   0   0   0   0   0   0   0   0   0   0 100 (lib)
Kieran_Gibbs  27 eng  1 19 11  5 30  82 847 811 680   0   0    0   0   0   0   0   0   0   0   0   0   0   0 100 (ars)
L_Advíncula   27 per  1 19 10  5 30 100 800 820 820   0   0    0   0   0   0   0   0   0   0   0   0   0   0 100 (lib)
L_Jiménez     27 col  1 18  1  1 30 100 948 815 813   0   0    0   0   0   0   0   0   0   0   0   0   0   0 100 (lib)
L_López       27 arg  1 19  1  1 30 100 848 714 687   0   0    0   0   0   0   0   0   0   0   0   0   0   0 100 (slb)
L_Tonelli     27 ita  1 19  1  1 30 100 820 584 681   0   0    0   0   0   0   0   0   0   0   0   0   0   0 100 (mun)
M_Bagayoko    27 civ  1 17 10  5 30 100 900 820 820   0   0    0   0   0   0   0   0   0   0   0   0   0   0 100 (lib)
M_Darmian     27 ita  1 20 10  6 30 100 421 739 705   0   0    0   0   0   0   0   0   0   0   0   0   0   0 100 (nap)
M_K-Ziti      27 alg  1 17 10  6 30 100 680 820 820   0   0    0   0   0   0   0   0   0   0   0   0   0   0 100 (lib)
M_Kosanovic   27 srb  1 18  1  1 30 100 550 820 820   0   0    0   0   0   0   0   0   0   0   0   0   0   0 100 (lib)
M_Le_Marchand 27 fra  1 19  1  1 30 100  58 688 570   0   0    0   0   0   0   0   0   0   0   0   0   0   0 100 (s04)
M_Yanga-Mbiwa 27 fra  1 18  1  1 30 100 876  71  80   0   0    0   0   0   0   0   0   0   0   0   0   0   0 100 (lyo)
Maciej_Rybus  27 pol  1 18  9  5 30 100 628 146  95   0   0    0   0   0   0   0   0   0   0   0   0   0   0 100 (lyo)
Mamadou_Sakho 27 fra  1 20  1  1 30 100 116 810 810   0   0    0   0   0   0   0   0   0   0   0   0   0   0 100 (lib)
Marcos_Rojo   27 arg  1 20  1  1 30 100 939 555 687   0   0    0   0   0   0   0   0   0   0   0   0   0   0 100 (mun)
Mehdi_Tahrat  27 alg  1 18  1  1 30 100 160 820 820   0   0    0   0   0   0   0   0   0   0   0   0   0   0 100 (lib)
Miguel_Ponce  27 mex  1 18  9  4 30 100 260 820 820   0   0    0   0   0   0   0   0   0   0   0   0   0   0 100 (lib)
N_N'Koulou    27 cmr  1 19  1  1 30 100 515 429 339   0   0    0   0   0   0   0   0   0   0   0   0   0   0 100 (bmu)
N_Viergever   27 ned  1 18  1  1 30 100 726 460 460   0   0    0   0   0   0   0   0   0   0   0   0   0   0 100 (lib)
Niklas_Hult   27 swe  1 18 11  6 30 100 900 820 820   0   0    0   0   0   0   0   0   0   0   0   0   0   0 100 (lib)
P_Ankersen    27 den  1 18 11  5 30 100 680 820 820   0   0    0   0   0   0   0   0   0   0   0   0   0   0 100 (lib)
P_Magalhães   27 chi  1 18  9  4 30 100  10 820 820   0   0    0   0   0   0   0   0   0   0   0   0   0   0 100 (lib)
P_Olkowski    27 pol  1 18 10  5 30 100 718 851 835   0   0    0   0   0   0   0   0   0   0   0   0   0   0 100 (lib)
Ryan_Bertrand 27 eng  1 19 11  6 30 100 920 820 820   0   0    0   0   0   0   0   0   0   0   0   0   0   0 100 (lib)
S_Escudero    27 esp  1 19 11  5 30 100 102 214 175   0   0    0   0   0   0   0   0   0   0   0   0   0   0 100 (sev)
S_Mitrovic    27 srb  1 18  1  1 30 100 680 820 820   0   0    0   0   0   0   0   0   0   0   0   0   0   0 100 (lib)
S_Takahashi   27 jpn  1 17  9  4 30 100 900 820 820   0   0    0   0   0   0   0   0   0   0   0   0   0   0 100 (lib)
Sven_Bender   27 ger  1 20  1  1 30 100 534 601 699   0   0    0   0   0   0   0   0   0   0   0   0   0   0 100 (bdo)
V_Chiriches   27 rou  1 19  1  1 30 100 703 690 696   0   0    0   0   0   0   0   0   0   0   0   0   0   0 100 (bar)
W_Tesillo     27 col  1 19  1  1 30 100  40 815 808   0   0    0   0   0   0   0   0   0   0   0   0   0   0 100 (lib)
Y_Yoshida     27 jpn  1 17 10  5 30 100 900 820 820   0   0    0   0   0   0   0   0   0   0   0   0   0   0 100 (lib)
Zanka         27 den  1 18  1  1 30 100 680 820 820   0   0    0   0   0   0   0   0   0   0   0   0   0   0 100 (lib)
Á_González    27 esp  1 19  1  1 30 100 518 663 663   0   0    0   0   0   0   0   0   0   0   0   0   0   0 100 (vil)
Ó_de_Marcos   27 esp  1 20 11  6 30 100 407 953 763   0   0    0   0   0   0   0   0   0   0   0   0   0   0 100 (vil)
Ömer_Toprak   27 tur  1 21  1  1 30 100 157 614 684   0   0    0   0   0   0   0   0   0   0   0   0   0   0 100 (ble)
A_Dragovic    26 aut  1 20  1  1 30 100 227 571 703   0   0    0   0   0   0   0   0   0   0   0   0   0   0 100 (ble)
A_Ignjovski   26 srb  1 18  9  5 30 100 420 820 820   0   0    0   0   0   0   0   0   0   0   0   0   0   0 100 (lib)
Alex_Sandro   26 bra  1 20 11  7 30 100 998 903 798   0   0    0   0   0   0   0   0   0   0   0   0   0   0 100 (mun)
André_Almeida 26 por  1 19  9  5 30 100 502 777 718   0   0    0   0   0   0   0   0   0   0   0   0   0   0 100 (slb)
Aïssa_Mandi   26 alg  1 19  1  1 30 100 530 820 820   0   0    0   0   0   0   0   0   0   0   0   0   0   0 100 (lib)
B_Dja_Djedjé  26 civ  1 18 11  5 30 100 930 820 820   0   0    0   0   0   0   0   0   0   0   0   0   0   0 100 (lib)
C_Kabasele    26 bel  1 19  1  1 30 100 275 780 780   0   0    0   0   0   0   0   0   0   0   0   0   0   0 100 (lib)
Daniel_Höegh  26 den  1 18  1  1 30 100 160 820 820   0   0    0   0   0   0   0   0   0   0   0   0   0   0 100 (lib)
Danny_Rose    26 eng  1 20 10  6 30 100 864 774 789   0   0    0   0   0   0   0   0   0   0   0   0   0   0 100 (mci)
Davide_Santon 26 ita  1 19 11  5 30 100 424 601 577   0   0    0   0   0   0   0   0   0   0   0   0   0   0 100 (int)
E_Mangala     26 fra  1 19  1  1 30  86 697  89  89   0   0    0   0   0   0   0   0   0   0   0   0   0   0 100 (val)
E_Sviatchenko 26 den  1 18  1  1 30 100 680 820 820   0   0    0   0   0   0   0   0   0   0   0   0   0   0 100 (lib)
F_Ghoulam     26 alg  1 19 11  5 30 100 859 710 770   0   0    0   0   0   0   0   0   0   0   0   0   0   0 100 (nap)
F_Moubandje   26 sui  1 18  9  4 30 100 732 834 820   0   0    0   0   0   0   0   0   0   0   0   0   0   0 100 (lib)
Frank_Fabra   26 col  1 19 11  4 30 100 304 909 804   0   0    0   0   0   0   0   0   0   0   0   0   0   0 100 (lib)
G_Paulista    26 bra  1 19  1  1 30 100 383  72  77   0   0    0   0   0   0   0   0   0   0   0   0   0   0 100 (opo)
Gotoku_Sakai  26 jpn  1 18  9  5 30 100 940 820 820   0   0    0   0   0   0   0   0   0   0   0   0   0   0 100 (lib)
Hiroki_Sakai  26 jpn  1 18 11  5 30 100 676 225 150   0   0    0   0   0   0   0   0   0   0   0   0   0   0 100 (oma)
Jens_S_Larsen 26 den  1 18  9  5 30 100 160 820 820   0   0    0   0   0   0   0   0   0   0   0   0   0   0 100 (lib)
Johan_Larsson 26 swe  1 18 10  5 30 100 560 820 820   0   0    0   0   0   0   0   0   0   0   0   0   0   0 100 (lib)
Jonas_Hector  26 ger  1 20 10  5 30 100 154 827 821   0   0    0   0   0   0   0   0   0   0   0   0   0   0 100 (nap)
K_Trippier    26 eng  1 19 11  6 30 100 498 670 731   0   0    0   0   0   0   0   0   0   0   0   0   0   0 100 (tot)
Kyle_Walker   26 eng  1 20 11  6 30 100 998 763 779   0   0    0   0   0   0   0   0   0   0   0   0   0   0 100 (tot)
L_P_Cavanda   26 bel  1 18 10  6 30 100 560 820 820   0   0    0   0   0   0   0   0   0   0   0   0   0   0 100 (lib)
Luis_Trujillo 26 per  1 17 10  6 30 100 990 820 820   0   0    0   0   0   0   0   0   0   0   0   0   0   0 100 (lib)
M_Albornoz    26 chi  1 18  9  3 30 100 496 887 884   0   0    0   0   0   0   0   0   0   0   0   0   0   0 100 (lib)
M_Musacchio   26 arg  1 20  1  1 30 100 967 725 717   0   0    0   0   0   0   0   0   0   0   0   0   0   0 100 (bar)
M_Zeegelaar   26 ned  1 19 11  5 30 100  80 820 820   0   0    0   0   0   0   0   0   0   0   0   0   0   0 100 (lib)
Marc_Bartra   26 esp  1 20  1  1 30 100 417 576 708   0   0    0   0   0   0   0   0   0   0   0   0   0   0 100 (bdo)
Marcos_Alonso 26 esp  1 19 11  6 30 100 878 806 733   0   0    0   0   0   0   0   0   0   0   0   0   0   0 100 (s04)
Mario_Gaspar  26 esp  1 20 11  6 30 100 664 954 751   0   0    0   0   0   0   0   0   0   0   0   0   0   0 100 (vil)
Michael_Lang  26 sui  1 19 11  5 30 100 364 843 847   0   0    0   0   0   0   0   0   0   0   0   0   0   0 100 (lib)
Molla_Wague   26 mli  1 19  1  1 30 100 108 386 387   0   0    0   0   0   0   0   0   0   0   0   0   0   0 100 (ars)
N_Miletic     26 srb  1 18  9  5 30 100 160 820 820   0   0    0   0   0   0   0   0   0   0   0   0   0   0 100 (lib)
Nacho_F       26 esp  1 19  1  1 30 100 764  93  80   0   0    0   0   0   0   0   0   0   0   0   0   0   0 100 (opo)
P_Jansson     26 swe  1 19  1  1 30 100 456 818 818   0   0    0   0   0   0   0   0   0   0   0   0   0   0 100 (lib)
P_van_Aanholt 26 ned  1 19 11  4 30 100  80 820 820   0   0    0   0   0   0   0   0   0   0   0   0   0   0 100 (lib)
Pedro_Mendes  26 por  1 18  1  1 30 100 702 820 820   0   0    0   0   0   0   0   0   0   0   0   0   0   0 100 (lib)
R_Funes_Mori  26 arg  1 18  1  1 30 100 988  82  60   0   0    0   0   0   0   0   0   0   0   0   0   0   0 100 (eve)
R_Thelander   26 den  1 18  1  1 30 100 550 820 820   0   0    0   0   0   0   0   0   0   0   0   0   0   0 100 (lib)
Rafael_P      26 bra  1 19 11  5 30 100 531 266 174   0   0    0   0   0   0   0   0   0   0   0   0   0   0 100 (lyo)
S_Corchia     26 fra  1 19 11  5 30 100 410 841 821   0   0    0   0   0   0   0   0   0   0   0   0   0   0 100 (lib)
Sebas_Coates  26 uru  1 20  1  1 30 100 204 726 685   0   0    0   0   0   0   0   0   0   0   0   0   0   0 100 (rma)
Simon_Deli    26 civ  1 19  1  1 30 100  80 820 820   0   0    0   0   0   0   0   0   0   0   0   0   0   0 100 (lib)
Stefan_Savic  26 mne  1 20  1  1 30 100 396 684 680   0   0    0   0   0   0   0   0   0   0   0   0   0   0 100 (atm)
Willy_Boly    26 fra  1 18  1  1 30 100 940 820 820   0   0    0   0   0   0   0   0   0   0   0   0   0   0 100 (lib)
A_Bedrane     25 alg  1 17  1  1 30 100 460 820 820   0   0    0   0   0   0   0   0   0   0   0   0   0   0 100 (lib)
A_Callens     25 per  1 18  1  1 30 100 560 820 820   0   0    0   0   0   0   0   0   0   0   0   0   0   0 100 (lib)
A_Milosevic   25 swe  1 18  1  1 30 100 560 820 820   0   0    0   0   0   0   0   0   0   0   0   0   0   0 100 (lib)
A_Pantic      25 srb  1 18  1  1 30 100 702 820 820   0   0    0   0   0   0   0   0   0   0   0   0   0   0 100 (lib)
A_Santamaría  25 per  1 18  1  1 30 100 300 820 820   0   0    0   0   0   0   0   0   0   0   0   0   0   0 100 (lib)
A_Scholz      25 den  1 18  1  1 30 100 680 820 820   0   0    0   0   0   0   0   0   0   0   0   0   0   0 100 (lib)
A_Souquet     25 fra  1 18 11  5 30 100 982 780 569   0   0    0   0   0   0   0   0   0   0   0   0   0   0 100 (nic)
Adam_Matthews 25 wal  1 18 10  5 30 100 550 781 768   0   0    0   0   0   0   0   0   0   0   0   0   0   0 100 (lib)
Armando_Izzo  25 ita  1 19  1  1 30 100 230 820 820   0   0    0   0   0   0   0   0   0   0   0   0   0   0 100 (lib)
B_Salamon     25 pol  1 18  1  1 30 100 410 800 800   0   0    0   0   0   0   0   0   0   0   0   0   0   0 100 (lib)
Bruno_M_Indi  25 ned  1 19  1  1 30 100 754 817 820   0   0    0   0   0   0   0   0   0   0   0   0   0   0 100 (lib)
Bryan_Verboom 25 bel  1 18 10  5 30 100 300 820 820   0   0    0   0   0   0   0   0   0   0   0   0   0   0 100 (lib)
C_Jenkinson   25 eng  1 18 10  6 30 100 690 820 820   0   0    0   0   0   0   0   0   0   0   0   0   0   0 100 (lib)
Cédric_Soares 25 por  1 19 11  5 30 100 440 587 580   0   0    0   0   0   0   0   0   0   0   0   0   0   0 100 (lib)
Danilo        25 bra  1 19 11  5 30 100 688 941 791   0   0    0   0   0   0   0   0   0   0   0   0   0   0 100 (rma)
F_Sörensen    25 den  1 19  1  1 30 100  80 820 820   0   0    0   0   0   0   0   0   0   0   0   0   0   0 100 (lib)
Fabin_Schar   25 sui  1 19  1  1 30 100 320 827 825   0   0    0   0   0   0   0   0   0   0   0   0   0   0 100 (lib)
G_Pezzella    25 arg  1 19  1  1 30 100 452 820 820   0   0    0   0   0   0   0   0   0   0   0   0   0   0 100 (lib)
H_Riojas      25 per  1 18  1  1 30 100 180 820 820   0   0    0   0   0   0   0   0   0   0   0   0   0   0 100 (lib)
Hugo_Mallo    25 esp  1 19 11  6 30 100 787 265 111   0   0    0   0   0   0   0   0   0   0   0   0   0   0 100 (lei)
Isimat-Mirin  25 fra  1 19  1  1 30 100 398 521 511   0   0    0   0   0   0   0   0   0   0   0   0   0   0 100 (psv)
Iñigo_Mtnez   25 esp  1 20  1  1 30 100 483 365 283   0   0    0   0   0   0   0   0   0   0   0   0   0   0 100 (bmu)
J_Vestergaard 25 den  1 19  1  1 30 100 530 820 820   0   0    0   0   0   0   0   0   0   0   0   0   0   0 100 (lib)
Jazz_Richards 25 wal  1 18  9  4 30 100 312 820 820   0   0    0   0   0   0   0   0   0   0   0   0   0   0 100 (lib)
Jeffrey_Bruma 25 ned  1 19  1  1 30 100 848 829 810   0   0    0   0   0   0   0   0   0   0   0   0   0   0 100 (lib)
Joel_Matip    25 cmr  1 20  1  1 30 100 925 711 686   0   0    0   0   0   0   0   0   0   0   0   0   0   0 100 (liv)
Jores_Okore   25 den  1 18  1  1 30 100 680 820 820   0   0    0   0   0   0   0   0   0   0   0   0   0   0 100 (lib)
Joël_Veltman  25 ned  1 19  9  5 30 100 128 285 165   0   0    0   0   0   0   0   0   0   0   0   0   0   0 100 (ajx)
Juan_Jesus    25 bra  1 18  1  1 30 100 620  86  88   0   0    0   0   0   0   0   0   0   0   0   0   0   0 100 (rom)
K_Aparicio    25 per  1 17  1  1 30 100 810 820 820   0   0    0   0   0   0   0   0   0   0   0   0   0   0 100 (lib)
K_Koulibaly   25 sen  1 20  1  1 30 100 905 583 698   0   0    0   0   0   0   0   0   0   0   0   0   0   0 100 (nic)
K_Manolas     25 gre  1 20  1  1 30 100 548 103  82   0   0    0   0   0   0   0   0   0   0   0   0   0   0 100 (rom)
Kolodziejczak 25 fra  1 19  1  1 30 100 960 820 820   0   0    0   0   0   0   0   0   0   0   0   0   0   0 100 (lib)
Loris_Benito  25 sui  1 18  9  4 30 100 431 820 820   0   0    0   0   0   0   0   0   0   0   0   0   0   0 100 (lib)
Léo_Lacroix   25 sui  1 18  1  1 30 100 572 820 820   0   0    0   0   0   0   0   0   0   0   0   0   0   0 100 (lib)
M_Belkhiter   25 alg  1 17 10  6 30 100 680 820 820   0   0    0   0   0   0   0   0   0   0   0   0   0   0 100 (lib)
M_Benyahia    25 alg  1 17  1  1 30 100 460 820 820   0   0    0   0   0   0   0   0   0   0   0   0   0   0 100 (lib)
M_Johansson   25 swe  1 18 10  4 30 100 431 820 820   0   0    0   0   0   0   0   0   0   0   0   0   0   0 100 (lib)
M_Kaminski    25 pol  1 18  1  1 30 100 360 820 820   0   0    0   0   0   0   0   0   0   0   0   0   0   0 100 (lib)
M_Montoya     25 esp  1 19 11  5 30 100 138 330 195   0   0    0   0   0   0   0   0   0   0   0   0   0   0 100 (val)
M_Olivera     25 uru  1 18 10  5 30 100 300 827 820   0   0    0   0   0   0   0   0   0   0   0   0   0   0 100 (lib)
M_Petkovic    25 srb  1 18  9  5 30 100 160 820 820   0   0    0   0   0   0   0   0   0   0   0   0   0   0 100 (lib)
Mehdi_Zeffane 25 alg  1 18  9  5 30 100 160 820 820   0   0    0   0   0   0   0   0   0   0   0   0   0   0 100 (lib)
Moritz_Bauer  25 sui  1 18  9  4 30 100 300 820 820   0   0    0   0   0   0   0   0   0   0   0   0   0   0 100 (lib)
Mário_Rui     25 por  1 19 11  5 30 100 189 223 121   0   0    0   0   0   0   0   0   0   0   0   0   0   0 100 (rom)
N_Boilesen    25 den  1 18 11  5 30 100 420 820 820   0   0    0   0   0   0   0   0   0   0   0   0   0   0 100 (lib)
N_Clyne       25 eng  1 20 12  6 30 100 866  49 758   0   0    0   0   0   0   0   0   0   0   0   0   0   0 100 (liv)
N_Maksimovic  25 srb  1 19  1  1 30 100 859  73  71   0   0    0   0   0   0   0   0   0   0   0   0   0   0 100 (opo)
Néstor_Araujo 25 mex  1 18  1  1 30 100 714 820 820   0   0    0   0   0   0   0   0   0   0   0   0   0   0 100 (lib)
P_Oliveira    25 por  1 19  1  1 30 100 530 820 820   0   0    0   0   0   0   0   0   0   0   0   0   0   0 100 (lib)
Paul_Dummett  25 wal  1 18 10  5 30 100 425 744 731   0   0    0   0   0   0   0   0   0   0   0   0   0   0 100 (lib)
Pedro_Franco  25 col  1 18  1  1 30 100 476 818 818   0   0    0   0   0   0   0   0   0   0   0   0   0   0 100 (lib)
Phil_Jones    25 eng  1 20  1  1 30 100 246 564 668   0   0    0   0   0   0   0   0   0   0   0   0   0   0 100 (nic)
R_van_Rhijn   25 ned  1 18 11  5 30 100 940 820 820   0   0    0   0   0   0   0   0   0   0   0   0   0   0 100 (lib)
Rodrigo_Cuba  25 per  1 18  9  6 30 100 210 820 820   0   0    0   0   0   0   0   0   0   0   0   0   0   0 100 (lib)
S_Arias       25 col  1 19 11  5 30 100 387 737 560   0   0    0   0   0   0   0   0   0   0   0   0   0   0 100 (psv)
S_Caulker     25 eng  1 19  1  1 30 100  80 820 820   0   0    0   0   0   0   0   0   0   0   0   0   0   0 100 (lib)
S_de_Vrij     25 ned  1 20  1  1 30 100 599 730 674   0   0    0   0   0   0   0   0   0   0   0   0   0   0 100 (mil)
S_Dewaest     25 bel  1 18  1  1 30 100 690 820 820   0   0    0   0   0   0   0   0   0   0   0   0   0   0 100 (lib)
S_Kurumaya    25 jpn  1 18  9  5 30 100 160 820 820   0   0    0   0   0   0   0   0   0   0   0   0   0   0 100 (lib)
Saulo_Decarli 25 sui  1 18  1  1 30 100 690 820 820   0   0    0   0   0   0   0   0   0   0   0   0   0   0 100 (lib)
Sime_Vrsaljko 25 cro  1 19 11  5 30 100 794 769 742   0   0    0   0   0   0   0   0   0   0   0   0   0   0 100 (psg)
Stefan_Stangl 25 aut  1 18  9  4 30 100 300 827 820   0   0    0   0   0   0   0   0   0   0   0   0   0   0 100 (lib)
Steve_Cook    25 eng  1 19  1  1 30 100  80 820 820   0   0    0   0   0   0   0   0   0   0   0   0   0   0 100 (lib)
T_Meunier     25 bel  1 20 11  6 30 100  66 916 730   0   0    0   0   0   0   0   0   0   0   0   0   0   0 100 (atm)
T_Sainsbury   25 aus  1 19  1  1 30 100 115 421 465   0   0    0   0   0   0   0   0   0   0   0   0   0   0 100 (int)
Uros_Vitas    25 srb  1 18  1  1 30 100 290 820 820   0   0    0   0   0   0   0   0   0   0   0   0   0   0 100 (lib)
V_van_Dijk    25 ned  1 20  1  1 30 100 992 524 649   0   0    0   0   0   0   0   0   0   0   0   0   0   0 100 (tot)
A_Moreno      24 esp  1 20 11  4 30 100 101 934 722   0   0    0   0   0   0   0   0   0   0   0   0   0   0 100 (liv)
A_Rüdiger     24 ger  1 19  1  1 30 100 754 399 377   0   0    0   0   0   0   0   0   0   0   0   0   0   0 100 (juv)
Alex_Telles   24 bra  1 19 11  5 30 100 163 190 165   0   0    0   0   0   0   0   0   0   0   0   0   0   0 100 (opo)
B_Bereszynski 24 pol  1 18 10  5 30 100 702 827 820   0   0    0   0   0   0   0   0   0   0   0   0   0   0 100 (lib)
Ben_Gibson    24 eng  1 18  1  1 30 100 690 820 820   0   0    0   0   0   0   0   0   0   0   0   0   0   0 100 (lib)
D_Carvajal    24 esp  1 21 11  6 30 100 177 930 765   0   0    0   0   0   0   0   0   0   0   0   0   0   0 100 (rma)
D_Sidibé      24 fra  1 20 11  7 30  86 346 834 739   0   0    0   0   0   0   0   0   0   0   0   0   0   0 100 (asm)
D_Zappacosta  24 ita  1 19 11  6 30 100 530 827 820   0   0    0   0   0   0   0   0   0   0   0   0   0   0 100 (lib)
David_Alaba   24 aut  1 21 19  6 30 100 947 106 726   0   0    0   0   0   0   0   0   0   0   0   0   0   0 100 (bmu)
Diego_Reyes   24 mex  1 19  1  1 30 100 546 812 824   0   0    0   0   0   0   0   0   0   0   0   0   0   0 100 (lib)
Enzo_Roco     24 chi  1 19  1  1 30 100 274 811 804   0   0    0   0   0   0   0   0   0   0   0   0   0   0 100 (lib)
Erik_Durm     24 ger  1 19 11  5 30 100 531 711 753   0   0    0   0   0   0   0   0   0   0   0   0   0   0 100 (bdo)
F_Venâncio    24 por  1 18  1  1 30 100 930 810 811   0   0    0   0   0   0   0   0   0   0   0   0   0   0 100 (lib)
Gen_Shoji     24 jpn  1 18  1  1 30 100 680 820 820   0   0    0   0   0   0   0   0   0   0   0   0   0   0 100 (lib)
H_Ferhani     24 alg  1 17  9  4 30 100 900 820 820   0   0    0   0   0   0   0   0   0   0   0   0   0   0 100 (lib)
J_Murillo     24 col  1 20  1  1 30 100 233 391 507   0   0    0   0   0   0   0   0   0   0   0   0   0   0 100 (int)
Jemerson      24 bra  1 20  1  1 30 100  37 655 659   0   0    0   0   0   0   0   0   0   0   0   0   0   0 100 (asm)
Josué_Sá      24 por  1 18  1  1 30 100 702 827 820   0   0    0   0   0   0   0   0   0   0   0   0   0   0 100 (lib)
Juan_Bernat   24 esp  1 20 11  5 30 100 186 933 801   0   0    0   0   0   0   0   0   0   0   0   0   0   0 100 (rma)
Kasper_Larsen 24 den  1 18  1  1 30 100 290 820 820   0   0    0   0   0   0   0   0   0   0   0   0   0   0 100 (lib)
Kevin_Wimmer  24 aut  1 20  1  1 30 100  10 584 716   0   0    0   0   0   0   0   0   0   0   0   0   0   0 100 (tot)
Koffi_Djidji  24 civ  1 19  1  1 30 100  80 820 820   0   0    0   0   0   0   0   0   0   0   0   0   0   0 100 (lib)
L_De_Bock     24 bel  1 18  9  5 30 100 990 810 810   0   0    0   0   0   0   0   0   0   0   0   0   0   0 100 (lib)
L_Kurzawa     24 fra  1 20 11  6 30 100 321 936 817   0   0    0   0   0   0   0   0   0   0   0   0   0   0 100 (juv)
Lazar_Rosic   24 srb  1 18  1  1 30 100 420 820 820   0   0    0   0   0   0   0   0   0   0   0   0   0   0 100 (lib)
M_De_Sciglio  24 ita  1 20 11  5 30 100   1 937 622   0   0    0   0   0   0   0   0   0   0   0   0   0   0 100 (mil)
M_Dijks       24 ned  1 18  9  4 30 100 940 820 820   0   0    0   0   0   0   0   0   0   0   0   0   0   0 100 (lib)
M_Hinteregger 24 aut  1 19  1  1 30 100 324 825 823   0   0    0   0   0   0   0   0   0   0   0   0   0   0 100 (lib)
M_Nastasic    24 srb  1 19  1  1 30 100 619  54  58   0   0    0   0   0   0   0   0   0   0   0   0   0   0 100 (s04)
Michael_Keane 24 eng  1 19  1  1 30 100 716 820 825   0   0    0   0   0   0   0   0   0   0   0   0   0   0 100 (lib)
Miguel_Trauco 24 per  1 18 10  5 30 100  50 820 820   0   0    0   0   0   0   0   0   0   0   0   0   0   0 100 (lib)
R_Rodríguez   24 sui  1 20 11  6 30 100 998 919 647   0   0    0   0   0   0   0   0   0   0   0   0   0   0 100 (mil)
Raúl_López    24 mex  1 18  9  4 30 100 431 820 820   0   0    0   0   0   0   0   0   0   0   0   0   0   0 100 (lib)
Ryad_Keniche  24 alg  1 17  1  1 30 100 460 820 820   0   0    0   0   0   0   0   0   0   0   0   0   0   0 100 (lib)
S_Magnasco    24 chi  1 18  9  4 30 100 437 834 819   0   0    0   0   0   0   0   0   0   0   0   0   0   0 100 (lib)
S_Mustafi     24 ger  1 21  1  1 30 100 348 684 617   0   0    0   0   0   0   0   0   0   0   0   0   0   0 100 (bmu)
S_Widmwer     24 sui  1 19 11  6 30 100 639 905 818   0   0    0   0   0   0   0   0   0   0   0   0   0   0 100 (lib)
Serge_Aurier  24 civ  1 20 11  7 30 100 637 905 772   0   0    0   0   0   0   0   0   0   0   0   0   0   0 100 (psg)
Stefan_Medina 24 col  1 18  5  4 30 100 172 817 811   0   0    0   0   0   0   0   0   0   0   0   0   0   0 100 (lib)
Tiago_Ilori   24 por  1 19  1  1 30 100  80 820 820   0   0    0   0   0   0   0   0   0   0   0   0   0   0 100 (lib)
Uros_Spajic   24 srb  1 18  1  1 30 100 680 820 820   0   0    0   0   0   0   0   0   0   0   0   0   0   0 100 (lib)
W_Kanon       24 civ  1 18  1  1 30 100 160 820 820   0   0    0   0   0   0   0   0   0   0   0   0   0   0 100 (lib)
Wataru_Endo   24 jpn  1 18  1  1 30 100 160 820 820   0   0    0   0   0   0   0   0   0   0   0   0   0   0 100 (lib)
Y_Sabaly      24 fra  1 19 11  5 30 100 230 820 820   0   0    0   0   0   0   0   0   0   0   0   0   0   0 100 (lib)
Éder_Balanta  24 col  1 19  1  1 30 100 280 810 810   0   0    0   0   0   0   0   0   0   0   0   0   0   0 100 (lib)
A_Bjelica     23 srb  1 18  1  1 30 100 290 820 820   0   0    0   0   0   0   0   0   0   0   0   0   0   0 100 (lib)
A_Masuaku     23 fra  1 19 11  5 30 100 110 820 820   0   0    0   0   0   0   0   0   0   0   0   0   0   0 100 (lib)
Adam_Masina   23 ita  1 18  9  5 30 100 970 820 820   0   0    0   0   0   0   0   0   0   0   0   0   0   0 100 (lib)
Andrea_Conti  23 ita  1 19 11  5 30 100 110 820 820   0   0    0   0   0   0   0   0   0   0   0   0   0   0 100 (lib)
Antonio_Milic 23 cro  1 19  1  1 30 100  66 808 808   0   0    0   0   0   0   0   0   0   0   0   0   0   0 100 (lib)
Ben_Davies    23 wal  1 20  9  5 30 100 174 620 723   0   0    0   0   0   0   0   0   0   0   0   0   0   0 100 (tot)
C_Salcedo     23 mex  1 19  1  1 30 100 214 811 805   0   0    0   0   0   0   0   0   0   0   0   0   0   0 100 (lib)
C_Taylor      23 eng  1 18 10  5 30 100 720 820 820   0   0    0   0   0   0   0   0   0   0   0   0   0   0 100 (lib)
D_da_Costa    23 ger  1 18 10  5 30 100 520 584 692   0   0    0   0   0   0   0   0   0   0   0   0   0   0 100 (ble)
D_Santos      23 bra  1 19 11  5 30 100 134 827 820   0   0    0   0   0   0   0   0   0   0   0   0   0   0 100 (lib)
Dalbert       23 bra  1 19 11  5 30 100 616 796 572   0   0    0   0   0   0   0   0   0   0   0   0   0   0 100 (nic)
E_Bergstrom   23 swe  1 18  1  1 30 100 414 820 820   0   0    0   0   0   0   0   0   0   0   0   0   0   0 100 (lib)
Elseid_Hysaj  23 alb  1 19  9  5 30 100 976 820 695   0   0    0   0   0   0   0   0   0   0   0   0   0   0 100 (mun)
F_Helander    23 swe  1 19  1  1 30 100  18 827 820   0   0    0   0   0   0   0   0   0   0   0   0   0   0 100 (lib)
Gaston_Silva  23 uru  1 18  1  1 30 100 590 820 820   0   0    0   0   0   0   0   0   0   0   0   0   0   0 100 (lib)
Gustavo_Gómez 23 par  1 19  1  1 30 100 643 689 685   0   0    0   0   0   0   0   0   0   0   0   0   0   0 100 (slb)
Jetro_Willems 23 ned  1 19 11  5 30 100 842 852 576   0   0    0   0   0   0   0   0   0   0   0   0   0   0 100 (psv)
Jonny_Castro  23 esp  1 19 11  5 30 100 410 820 820   0   0    0   0   0   0   0   0   0   0   0   0   0   0 100 (lib)
Jordan_Amavi  23 fra  1 19 11  5 30 100 110 820 820   0   0    0   0   0   0   0   0   0   0   0   0   0   0 100 (lib)
Joshua_Brenet 23 ned  1 19 11  5 30 100 401 740 662   0   0    0   0   0   0   0   0   0   0   0   0   0   0 100 (psv)
José_Abella   23 mex  1 18  9  4 30 100 496 827 830   0   0    0   0   0   0   0   0   0   0   0   0   0   0 100 (lib)
K_Pedersen    23 den  1 17 10  4 30 100 900 820 820   0   0    0   0   0   0   0   0   0   0   0   0   0   0 100 (lib)
Lamine_Koné   23 civ  1 19  1  1 30 100  80 820 820   0   0    0   0   0   0   0   0   0   0   0   0   0   0 100 (lib)
Lucas_Digne   23 fra  1 20 11  5 30 100  18 884 799   0   0    0   0   0   0   0   0   0   0   0   0   0   0 100 (bar)
Luke_Garbutt  23 eng  1 17  9  4 30 100 640 210  84   0   0    0   0   0   0   0   0   0   0   0   0   0   0 100 (eve)
M_Ginter      23 ger  1 19  1  1 30 100 899 583 697   0   0    0   0   0   0   0   0   0   0   0   0   0   0 100 (bdo)
M_Mitrovic    23 cro  1 18  1  1 30 100 510 810 810   0   0    0   0   0   0   0   0   0   0   0   0   0   0 100 (lib)
Naomichi_Ueda 23 jpn  1 18  1  1 30 100 290 820 820   0   0    0   0   0   0   0   0   0   0   0   0   0   0 100 (lib)
Nélson_Semedo 23 por  1 20 11  5 30 100  65 794 686   0   0    0   0   0   0   0   0   0   0   0   0   0   0 100 (bar)
R_Guerreiro   23 por  1 20 10  5 30 100 272 686 587   0   0    0   0   0   0   0   0   0   0   0   0   0   0 100 (bdo)
R_Haps        23 ned  1 19 11  5 30 100 110 820 820   0   0    0   0   0   0   0   0   0   0   0   0   0   0 100 (lib)
R_Pereira     23 por  1 19 11  6 30 100 788 672 463   0   0    0   0   0   0   0   0   0   0   0   0   0   0 100 (nic)
R_Varane      23 fra  1 21  1  1 30 100 122 698 693   0   0    0   0   0   0   0   0   0   0   0   0   0   0 100 (rma)
Riza_Durmisi  23 den  1 18 11  5 30 100 680 820 820   0   0    0   0   0   0   0   0   0   0   0   0   0   0 100 (lib)
Rúben_Semedo  23 por  1 19  1  1 30 100 710 820 820   0   0    0   0   0   0   0   0   0   0   0   0   0   0 100 (lib)
S_Kolasinac   23 bih  1 19  9  5 30 100 146 204  91   0   0    0   0   0   0   0   0   0   0   0   0   0   0 100 (bar)
Sam_Byram     23 eng  1 18 10  6 30 100 720 820 820   0   0    0   0   0   0   0   0   0   0   0   0   0   0 100 (lib)
Samuel_Umtiti 23 fra  1 20  1  1 30 100 693 702 715   0   0    0   0   0   0   0   0   0   0   0   0   0   0 100 (atm)
T_Kongolo     23 ned  1 19  1  1 30 100 452 820 820   0   0    0   0   0   0   0   0   0   0   0   0   0   0 100 (lib)
T_Letschert   23 ned  1 18  1  1 30 100 970 820 820   0   0    0   0   0   0   0   0   0   0   0   0   0   0 100 (lib)
Todd_Kane     23 eng  1 17 10  5 30 100 746 175 116   0   0    0   0   0   0   0   0   0   0   0   0   0   0 100 (che)
Wendell       23 bra  1 19 11  5 30 100 758 734 675   0   0    0   0   0   0   0   0   0   0   0   0   0   0 100 (ble)
Wesley_Hoedt  23 ned  1 19  1  1 30 100 410 820 820   0   0    0   0   0   0   0   0   0   0   0   0   0   0 100 (lib)
Y_Gerhardt    23 ger  1 19  9  5 30 100 260 820 820   0   0    0   0   0   0   0   0   0   0   0   0   0   0 100 (lib)
A_Barreca     22 ita  1 18 11  5 30 100 970 820 820   0   0    0   0   0   0   0   0   0   0   0   0   0   0 100 (vil)
A_Laporte     22 fra  1 21  1  1 30 100  13 663 554   0   0    0   0   0   0   0   0   0   0   0   0   0   0 100 (nap)
A_Rahman_Baba 22 gha  1 19 11  5 30 100  64 223  74   0   0    0   0   0   0   0   0   0   0   0   0   0   0 100 (s04)
A_Romagnoli   22 ita  1 20  1  1 30 100 756 694 611   0   0    0   0   0   0   0   0   0   0   0   0   0   0 100 (mil)
Alexis_Cossio 22 per  1 17  9  5 30 100 840 820 820   0   0    0   0   0   0   0   0   0   0   0   0   0   0 100 (lib)
B_Mendy       22 fra  1 19 11  5 30 100 841 889 723   0   0    0   0   0   0   0   0   0   0   0   0   0   0 100 (asm)
Björn_Engels  22 bel  1 19  1  1 30 100 294 818 818   0   0    0   0   0   0   0   0   0   0   0   0   0   0 100 (lib)
C_Chambers    22 eng  1 19  7  4 30 100 110 820 820   0   0    0   0   0   0   0   0   0   0   0   0   0   0 100 (lib)
C_Cuevas      22 chi  1 18 10  5 30 100 200 820 820   0   0    0   0   0   0   0   0   0   0   0   0   0   0 100 (lib)
C_Fiore       22 bel  1 18  1  1 30 100 461 820 820   0   0    0   0   0   0   0   0   0   0   0   0   0   0 100 (lib)
D_Rugani      22 ita  1 20  1  1 30 100 245 628 643   0   0    0   0   0   0   0   0   0   0   0   0   0   0 100 (juv)
Dória         22 bra  1 18  1  1 30 100 680  85 112   0   0    0   0   0   0   0   0   0   0   0   0   0   0 100 (oma)
Emerson       22 bra  1 19 11  5 30 100 189 536 450   0   0    0   0   0   0   0   0   0   0   0   0   0   0 100 (rom)
Emil_Krafth   22 swe  1 18 10  5 30 100 602 875 820   0   0    0   0   0   0   0   0   0   0   0   0   0   0 100 (lib)
Emiliano_V    22 uru  1 19  1  1 30 100   6 808 809   0   0    0   0   0   0   0   0   0   0   0   0   0   0 100 (lib)
Eric_Bailly   22 civ  1 21  1  1 30 100 171 585 677   0   0    0   0   0   0   0   0   0   0   0   0   0   0 100 (mun)
F_Canales     22 per  1 17 10  5 30 100 690 820 820   0   0    0   0   0   0   0   0   0   0   0   0   0   0 100 (lib)
F_Hadergjonaj 22 sui  1 18 10  5 30 100 461 827 820   0   0    0   0   0   0   0   0   0   0   0   0   0   0 100 (lib)
Fede_Ricca    22 uru  1 19 11  5 30 100 154 844 818   0   0    0   0   0   0   0   0   0   0   0   0   0   0 100 (lib)
H_Bellerín    22 esp  1 20 12  6 30 100 762  25 897   0   0    0   0   0   0   0   0   0   0   0   0   0   0 100 (ars)
J_Lukaku      22 bel  1 18 10  5 30 100 720 820 825   0   0    0   0   0   0   0   0   0   0   0   0   0   0 100 (lib)
J_Simunovic   22 cro  1 18  1  1 30 100 330 820 820   0   0    0   0   0   0   0   0   0   0   0   0   0   0 100 (lib)
John_Stones   22 eng  1 20  1  1 30 100 204 686 750   0   0    0   0   0   0   0   0   0   0   0   0   0   0 100 (mci)
José_Giménez  22 uru  1 21  1  1 30 100  19 675 643   0   0    0   0   0   0   0   0   0   0   0   0   0   0 100 (atm)
João_Cancelo  22 por  1 19 11  5 30 100 505 321 109   0   0    0   0   0   0   0   0   0   0   0   0   0   0 100 (val)
Juan_Diego_Li 22 per  1 17  9  4 30 100 750 820 820   0   0    0   0   0   0   0   0   0   0   0   0   0   0 100 (lib)
Karim_Rekik   22 ned  1 18  1  1 30 100 273 103  98   0   0    0   0   0   0   0   0   0   0   0   0   0   0 100 (oma)
Kurt_Zouma    22 fra  1 19  1  1 30 100 809 108 122   0   0    0   0   0   0   0   0   0   0   0   0   0   0 100 (che)
Ludwig_A      22 swe  1 18 10  5 30 100 673 832 818   0   0    0   0   0   0   0   0   0   0   0   0   0   0 100 (lib)
M_Caldara     22 ita  1 18  1  1 30 100 970 820 820   0   0    0   0   0   0   0   0   0   0   0   0   0   0 100 (lib)
M_Hermes      22 bra  1 18  9  4 30 100  68 729 672   0   0    0   0   0   0   0   0   0   0   0   0   0   0 100 (slb)
M_Pennington  22 eng  1 16  1  1 30 100 852  87  80   0   0    0   0   0   0   0   0   0   0   0   0   0   0 100 (eve)
M_Veljkovic   22 srb  1 18  1  1 30 100 680 820 820   0   0    0   0   0   0   0   0   0   0   0   0   0   0 100 (lib)
Marquinhos    22 bra  1 21  1  1 30 100 170 668 665   0   0    0   0   0   0   0   0   0   0   0   0   0   0 100 (psg)
Menno_Koch    22 ned  1 17  1  1 30 100 637 552 550   0   0    0   0   0   0   0   0   0   0   0   0   0   0 100 (psv)
Miguel_Araujo 22 per  1 18  1  1 30 100 330 820 820   0   0    0   0   0   0   0   0   0   0   0   0   0   0 100 (lib)
Nathan_Aké    22 ned  1 18  1  1 30 100 599 117 101   0   0    0   0   0   0   0   0   0   0   0   0   0   0 100 (che)
Nico_Elvedi   22 sui  1 18  1  1 30 100 982 820 820   0   0    0   0   0   0   0   0   0   0   0   0   0   0 100 (lib)
Nilson_Loyola 22 per  1 18  8  4 30 100 270 820 820   0   0    0   0   0   0   0   0   0   0   0   0   0   0 100 (lib)
Paulo_Díaz    22 chi  1 18  1  1 30 100 402 827 820   0   0    0   0   0   0   0   0   0   0   0   0   0   0 100 (lib)
R_Bensebaini  22 alg  1 19  1  1 30 100  80 820 820   0   0    0   0   0   0   0   0   0   0   0   0   0   0 100 (lib)
Rick_Karsdorp 22 ned  1 19 11  5 30 100 422 854 825   0   0    0   0   0   0   0   0   0   0   0   0   0   0 100 (lib)
Rúben_Vezo    22 por  1 19  1  1 30 100 118 816 816   0   0    0   0   0   0   0   0   0   0   0   0   0   0 100 (rma)
Sven_van_Beek 22 ned  1 18  1  1 30 100 970 820 820   0   0    0   0   0   0   0   0   0   0   0   0   0   0 100 (lib)
T_Kedziora    22 pol  1 18  9  4 30 100 352 825 823   0   0    0   0   0   0   0   0   0   0   0   0   0   0 100 (lib)
Thomas_Foket  22 bel  1 18 10  6 30 100 750 827 821   0   0    0   0   0   0   0   0   0   0   0   0   0   0 100 (lib)
V_Lindelöf    22 swe  1 20  1  1 30 100 124 598 562   0   0    0   0   0   0   0   0   0   0   0   0   0   0 100 (juv)
Wallace       22 bra  1 19  1  1 30 100 410 820 820   0   0    0   0   0   0   0   0   0   0   0   0   0   0 100 (lib)
Yeray_Álvarez 22 esp  1 19  1  1 30 100 410 820 820   0   0    0   0   0   0   0   0   0   0   0   0   0   0 100 (lib)
A_Christensen 21 den  1 20  1  1 30 100 140 820 820   0   0    0   0   0   0   0   0   0   0   0   0   0   0 100 (lib)
A_Grimaldo    21 esp  1 19 11  5 30 100 930 971 717   0   0    0   0   0   0   0   0   0   0   0   0   0   0 100 (slb)
Bernardo      21 bra  1 18  9  4 30 100 384 815 808   0   0    0   0   0   0   0   0   0   0   0   0   0   0 100 (lib)
C_Lenglet     21 fra  1 18  1  1 30 100 530  74 105   0   0    0   0   0   0   0   0   0   0   0   0   0   0 100 (sev)
C_Randall     21 eng  1 16  8  4 30 100 922 756 718   0   0    0   0   0   0   0   0   0   0   0   0   0   0 100 (liv)
D_Sinkgraven  21 ned  1 18 10  5 30 100 843 794 788   0   0    0   0   0   0   0   0   0   0   0   0   0   0 100 (slb)
E_Mammana     21 arg  1 18  1  1 30 100 950 114 104   0   0    0   0   0   0   0   0   0   0   0   0   0   0 100 (lyo)
Eloge_Yao     21 civ  1 17  1  1 30 100 926 422 518   0   0    0   0   0   0   0   0   0   0   0   0   0   0 100 (int)
Erick_Cabaco  21 uru  1 17  1  1 30 100 950 820 820   0   0    0   0   0   0   0   0   0   0   0   0   0   0 100 (lib)
F_Duclós      21 per  1 17  8  4 30 100 900 820 820   0   0    0   0   0   0   0   0   0   0   0   0   0   0 100 (lib)
G_Lloris      21 fra  1 17  1  1 30 100 388 698 578   0   0    0   0   0   0   0   0   0   0   0   0   0   0 100 (lib)
J_Andersen    21 den  1 18  1  1 30 100 160 820 820   0   0    0   0   0   0   0   0   0   0   0   0   0   0 100 (lib)
J_L_Gayà      21 esp  1 19 11  5 30 100 541 413 198   0   0    0   0   0   0   0   0   0   0   0   0   0   0 100 (val)
Jason_Denayer 21 bel  1 19  1  1 30 100   4 818 818   0   0    0   0   0   0   0   0   0   0   0   0   0   0 100 (lib)
Jonathan_Tah  21 ger  1 21  1  1 30 125  96 604 709   0   0    0   0   0   0   0   0   0   0   0   0   0   0 100 (ble)
Jorge         21 bra  1 18 10  5 30 100 726 798 709   0   0    0   0   0   0   0   0   0   0   0   0   0   0 100 (asm)
Kenedy        21 bra  1 18  9  4 30 100 477 267 167   0   0    0   0   0   0   0   0   0   0   0   0   0   0 100 (che)
Kenny_Tete    21 ned  1 19  9  5 30 100 729 977 760   0   0    0   0   0   0   0   0   0   0   0   0   0   0 100 (slb)
Konan         21 civ  1 19 11  6 30 100  80 820 820   0   0    0   0   0   0   0   0   0   0   0   0   0   0 100 (lib)
L_Hernández   21 fra  1 19  1  1 30 100 368 684 700   0   0    0   0   0   0   0   0   0   0   0   0   0   0 100 (ars)
Luis_Abram    21 per  1 18  1  1 30 100 240 820 820   0   0    0   0   0   0   0   0   0   0   0   0   0   0 100 (lib)
Luis_Garro    21 per  1 17  9  6 30 100 960 820 820   0   0    0   0   0   0   0   0   0   0   0   0   0   0 100 (lib)
Luke_Shaw     21 eng  1 20 12  6 30 100 652  31 686   0   0    0   0   0   0   0   0   0   0   0   0   0   0 100 (bmu)
M_Ristic      21 srb  1 17 10  5 30 100 460 820 820   0   0    0   0   0   0   0   0   0   0   0   0   0   0 100 (lib)
Mau_Lemos     21 uru  1 19  1  1 30 100 926 684 583   0   0    0   0   0   0   0   0   0   0   0   0   0   0 100 (lei)
Milan_Gajic   21 srb  1 18  9  5 30 100 550 820 820   0   0    0   0   0   0   0   0   0   0   0   0   0   0 100 (lib)
Niklas_Süle   21 ger  1 20  1  1 30 100 532 676 558   0   0    0   0   0   0   0   0   0   0   0   0   0   0 100 (mun)
P_Kimpembe    21 fra  1 19  1  1 30 100 218 688 705   0   0    0   0   0   0   0   0   0   0   0   0   0   0 100 (psg)
Rafa_Soares   21 por  1 18 10  5 30 100 590 827 820   0   0    0   0   0   0   0   0   0   0   0   0   0   0 100 (lib)
Rob_Holding   21 eng  1 18  1  1 30 100 102 845 818   0   0    0   0   0   0   0   0   0   0   0   0   0   0 100 (lib)
T_Castagne    21 bel  1 18 10  6 30 100 590 820 820   0   0    0   0   0   0   0   0   0   0   0   0   0   0 100 (lib)
Tin_Jedvaj    21 cro  1 19  1  1 30 100 573 563 682   0   0    0   0   0   0   0   0   0   0   0   0   0   0 100 (ble)
V_Jovanovic   21 srb  1 18  1  1 30 100 930 820 820   0   0    0   0   0   0   0   0   0   0   0   0   0   0 100 (lib)
Youcef_Attal  21 alg  1 17  9  4 30 100 570 820 820   0   0    0   0   0   0   0   0   0   0   0   0   0   0 100 (lib)
Abdou_Diallo  20 fra  1 18  1  1 30 100  88 678 678   0   0    0   0   0   0   0   0   0   0   0   0   0   0 100 (asm)
Almamy_Touré  20 mli  1 18  9  4 30 100 384 776 713   0   0    0   0   0   0   0   0   0   0   0   0   0   0 100 (asm)
B_Henrichs    20 ger  1 19 11  5 30 100 483 771 707   0   0    0   0   0   0   0   0   0   0   0   0   0   0 100 (ble)
Ben_Chilwell  20 eng  1 17 10  5 30 100 724 207  99   0   0    0   0   0   0   0   0   0   0   0   0   0   0 100 (lei)
César_Montes  20 mex  1 19  1  1 30 100 104 820 821   0   0    0   0   0   0   0   0   0   0   0   0   0   0 100 (lib)
D_Calabria    20 ita  1 18  9  4 30 100 160 704 691   0   0    0   0   0   0   0   0   0   0   0   0   0   0 100 (bar)
D_Caleta-Car  20 cro  1 18  1  1 30 100 350 820 820   0   0    0   0   0   0   0   0   0   0   0   0   0   0 100 (lib)
D_Sánchez     20 col  1 20  1  1 30 100 404 534 667   0   0    0   0   0   0   0   0   0   0   0   0   0   0 100 (mun)
Issa_Diop     20 fra  1 19  1  1 30 100 280 820 820   0   0    0   0   0   0   0   0   0   0   0   0   0   0 100 (lib)
J_Riedewald   20 ned  1 19  1  1 30 100  46 583 707   0   0    0   0   0   0   0   0   0   0   0   0   0   0 100 (bdo)
Jesús_Vallejo 20 esp  1 19  1  1 30 100 294  75 114   0   0    0   0   0   0   0   0   0   0   0   0   0   0 100 (lyo)
Joakim_Maehle 20 den  1 17 10  5 30 100 900 820 820   0   0    0   0   0   0   0   0   0   0   0   0   0   0 100 (lib)
Joris_Gnagnon 20 civ  1 18  1  1 30 100 350 820 820   0   0    0   0   0   0   0   0   0   0   0   0   0   0 100 (lib)
Joshua_Bitter 20 ger  1 16  1  1 30 100 990 820 820   0   0    0   0   0   0   0   0   0   0   0   0   0   0 100 (lib)
L_Dickmann    20 ita  1 17 10  5 30 100 970 820 820   0   0    0   0   0   0   0   0   0   0   0   0   0   0 100 (lib)
M_Diakhaby    20 fra  1 18  1  1 30 100 543 117  82   0   0    0   0   0   0   0   0   0   0   0   0   0   0 100 (lyo)
Mason_Holgate 20 eng  1 17  1  1 30 100 572  90 116   0   0    0   0   0   0   0   0   0   0   0   0   0   0 100 (eve)
N_Milenkovic  20 srb  1 18  1  1 30 100 290 820 820   0   0    0   0   0   0   0   0   0   0   0   0   0   0 100 (lib)
Ola_Aina      20 nga  1 16 10  5 30 100 876 147  99   0   0    0   0   0   0   0   0   0   0   0   0   0   0 100 (che)
P_Burner      20 fra  1 17  8  4 30 100 478 696 581   0   0    0   0   0   0   0   0   0   0   0   0   0   0 100 (nic)
R_Kristensen  20 den  1 18 11  5 30 100 160 820 820   0   0    0   0   0   0   0   0   0   0   0   0   0   0 100 (lib)
S_Alberto     20 ned  1 17  1  1 30 100  32 555 555   0   0    0   0   0   0   0   0   0   0   0   0   0   0 100 (psv)
Thilo_Kehrer  20 ger  1 17  1  1 30 100 641 820 820   0   0    0   0   0   0   0   0   0   0   0   0   0   0 100 (lib)
Érick_Aguirre 20 mex  1 18  9  5 30 100 577 834 820   0   0    0   0   0   0   0   0   0   0   0   0   0   0 100 (lib)
A_Nura        19 nga  1 16  8  4 30 100 694 168 114   0   0    0   0   0   0   0   0   0   0   0   0   0   0 100 (rom)
C_C-Vickers   19 usa  1 17  1  1 30 100 736  81  70   0   0    0   0   0   0   0   0   0   0   0   0   0   0 100 (ajx)
C_Romero      19 arg  1 17  1  1 30 100 420 820 820   0   0    0   0   0   0   0   0   0   0   0   0   0   0 100 (lib)
F_Benkovic    19 cro  1 19  1  1 30 100 342 810 810   0   0    0   0   0   0   0   0   0   0   0   0   0   0 100 (ajx)
G_Troupée     19 ned  1 18 10  6 30 100 481 820 820   0   0    0   0   0   0   0   0   0   0   0   0   0   0 100 (lib)
J_Abu_Hanna   19 ger  1 16  1  1 30 100 980 580 700   0   0    0   0   0   0   0   0   0   0   0   0   0   0 100 (ble)
J_Onguéné     19 fra  1 17  1  1 30 100 530 820 820   0   0    0   0   0   0   0   0   0   0   0   0   0   0 100 (lib)
Joe_Gomez     19 eng  1 18  1  1 30 100 686 697 682   0   0    0   0   0   0   0   0   0   0   0   0   0   0 100 (liv)
Jordy_Gaspar  19 fra  1 16 10  5 30 100 836 149 114   0   0    0   0   0   0   0   0   0   0   0   0   0   0 100 (lyo)
Jorge_Meré    19 esp  1 19  1  1 30 100 349  48  39   0   0    0   0   0   0   0   0   0   0   0   0   0   0 100 (ajx)
N_Milenkovic  19 srb  1 17  1  1 30 100 750 820 820   0   0    0   0   0   0   0   0   0   0   0   0   0   0 100 (lib)
O_Boscagli    19 fra  1 18  9  4 30 100 319 231  92   0   0    0   0   0   0   0   0   0   0   0   0   0   0 100 (ajx)
Pedro_Pereira 19 por  1 17  9  4 30 100 834 230 137   0   0    0   0   0   0   0   0   0   0   0   0   0   0 100 (ajx)
Phil_Neumann  19 ger  1 16 10  5 30 100 358  87  80   0   0    0   0   0   0   0   0   0   0   0   0   0   0 100 (lib)
Pol_Lirola    19 esp  1 18 11  5 30 100 928 779 758   0   0    0   0   0   0   0   0   0   0   0   0   0   0 100 (asm)
T_Hernández   19 fra  1 19  9  5 30 100 322 591 338   0   0    0   0   0   0   0   0   0   0   0   0   0   0 100 (ajx)
Alec_Georgen  18 fra  1 17  8  4 30 100 420 820 820   0   0    0   0   0   0   0   0   0   0   0   0   0   0 100 (lib)
D_Upamecano   18 fra  1 17  1  1 30 100 750 820 820   0   0    0   0   0   0   0   0   0   0   0   0   0   0 100 (lib)
Erhan_Masovic 18 srb  1 17  1  1 30 100 240 820 820   0   0    0   0   0   0   0   0   0   0   0   0   0   0 100 (lib)
F_Passlack    18 ger  1 17  9  4 30 100 862 197  92   0   0    0   0   0   0   0   0   0   0   0   0   0   0 100 (ajx)
Malang_Sarr   18 fra  1 18  1  1 30 100 962  80 102   0   0    0   0   0   0   0   0   0   0   0   0   0   0 100 (ajx)
P_Retsos      18 gre  1 18  1  1 30 100 220 820 820   0   0    0   0   0   0   0   0   0   0   0   0   0   0 100 (lib)
Reece_Oxford  18 eng  1 17  1  1 30 100 740 810 810   0   0    0   0   0   0   0   0   0   0   0   0   0   0 100 (lib)
M_de_Ligt     17 ned  1 18  1  1 30 100  71  69  54   0   0    0   0   0   0   0   0   0   0   0   0   0   0 100 (ajx)
