Name         Age Nat St Tk Ps Sh Ag KAb TAb PAb SAb Gam Sub  Min Mom Sav Con Ktk Kps Sht Gls Ass  DP Inj Sus Fit
----------------------------------------------------------------------------------------------------------------
F_Totti       40 ita  1  1 12 19 30 100  70 174 214   0   0    0   0   0   0   0   0   0   0   0   0   0   0 100 (rom)
C_Pizarro     38 per  1  1  1 18 30 100 820 820 830   0   0    0   0   0   0   0   0   0   0   0   0   0   0 100 (lib)
Aduriz        36 esp  1  1  1 20 30 100 820 820  80   0   0    0   0   0   0   0   0   0   0   0   0   0   0 100 (lib)
E_Paredes     36 chi  1  1  1 18 30 100 818 825 680   0   0    0   0   0   0   0   0   0   0   0   0   0   0 100 (lib)
David_Villa   35 esp  1  1  1 19 30 100 452 440 720   0   0    0   0   0   0   0   0   0   0   0   0   0   0 100 (s04)
R_Palacio     35 arg  1  1  1 18 30 100 196 176 569   0   0    0   0   0   0   0   0   0   0   0   0   0   0 100 (psg)
Rubén_Castro  35 esp  1  1  1 19 30 100 820 820 580   0   0    0   0   0   0   0   0   0   0   0   0   0   0 100 (lib)
Z_Ibrahimovic 35 swe  1  1  1 22 30 100 626 713 441   0   0    0   0   0   0   0   0   0   0   0   0   0   0 100 (mil)
Germán_Denis  34 arg  1  1  1 18 30 100 820 827 251   0   0    0   0   0   0   0   0   0   0   0   0   0   0 100 (lib)
J_C_Fernández 34 per  1  1  1 17 30 100 820 820 630   0   0    0   0   0   0   0   0   0   0   0   0   0   0 100 (lib)
Jermain_Defoe 34 eng  1  1  1 19 30 100 832 820 700   0   0    0   0   0   0   0   0   0   0   0   0   0   0 100 (lib)
M_Rosenberg   34 swe  1  1  1 18 30 100 820 820 240   0   0    0   0   0   0   0   0   0   0   0   0   0   0 100 (lib)
W_Aguirre     34 per  1  1 15 17 30 100 820 820 330   0   0    0   0   0   0   0   0   0   0   0   0   0   0 100 (lib)
A_Gilardino   33 ita  1  1  1 18 30 100 820 820 990   0   0    0   0   0   0   0   0   0   0   0   0   0   0 100 (lib)
Arjen_Robben  33 ned  1  1 19 22 30 100 686 868 403   0   0    0   0   0   0   0   0   0   0   0   0   0   0 100 (juv)
Arouna_Koné   33 civ  1  1  1 18 30 100  66  73 424   0   0    0   0   0   0   0   0   0   0   0   0   0   0 100 (eve)
Carlos_Tévez  33 arg  1  1 11 20 30 100 820 820 220   0   0    0   0   0   0   0   0   0   0   0   0   0   0 100 (lib)
Danny         33 por  1  1 18 19 30 100 640 688 885   0   0    0   0   0   0   0   0   0   0   0   0   0   0 100 (lib)
F_Torres      33 esp  1  1  1 20 30 100 562 682 234   0   0    0   0   0   0   0   0   0   0   0   0   0   0 100 (atm)
Jonas         33 bra  1  1  1 20 30 100 568 702 383   0   0    0   0   0   0   0   0   0   0   0   0   0   0 100 (slb)
K-J_Huntelaar 33 ned  1  1  1 19 30 100 426 453 570   0   0    0   0   0   0   0   0   0   0   0   0   0   0 100 (lib)
Lisandro_Lpez 33 arg  1  1  1 19 30 100 820 820 590   0   0    0   0   0   0   0   0   0   0   0   0   0   0 100 (lib)
M_Pinilla     33 chi  1  1  1 18 30 100 820 820 990   0   0    0   0   0   0   0   0   0   0   0   0   0   0 100 (lib)
Marc_Janko    33 aut  1  1  1 19 30 100 786 793 125   0   0    0   0   0   0   0   0   0   0   0   0   0   0 100 (lib)
Oribe_Peralta 33 mex  1  1  1 19 30 100 820 820 140   0   0    0   0   0   0   0   0   0   0   0   0   0   0 100 (lib)
P_Guerrero    33 per  1  1  1 20 30 100 820 820 450   0   0    0   0   0   0   0   0   0   0   0   0   0   0 100 (lib)
R_van_Persie  33 ned  1  1  1 19 30 100 834 810 970   0   0    0   0   0   0   0   0   0   0   0   0   0   0 100 (lib)
Robinho       33 bra  1  1 17 19 30 100 820 820 440   0   0    0   0   0   0   0   0   0   0   0   0   0   0 100 (lib)
S_Kiebling    33 ger  1  1  1 19 30 100 650 530 401   0   0    0   0   0   0   0   0   0   0   0   0   0   0 100 (ble)
Steve_Morison 33 wal  1  1  1 17 30 100 788 795 813   0   0    0   0   0   0   0   0   0   0   0   0   0   0 100 (lib)
C_Ronaldo     32 por  1  1 21 23 30 100 446 804 335   0   0    0   0   0   0   0   0   0   0   0   0   0   0 100 (rma)
Chory_Castro  32 uru  1  1 17 19 30 100 810 810 148   0   0    0   0   0   0   0   0   0   0   0   0   0   0 100 (lib)
F_Llorente    32 esp  1  1  1 19 30 100 820 820 590   0   0    0   0   0   0   0   0   0   0   0   0   0   0 100 (lib)
Quaresma      32 por  1  1 18 20 30 100 620 655 362   0   0    0   0   0   0   0   0   0   0   0   0   0   0 100 (sev)
Raffael       32 bra  1  1  1 20 30 100 820 820 225   0   0    0   0   0   0   0   0   0   0   0   0   0   0 100 (lib)
Yohei_Toyoda  32 jpn  1  1  1 17 30 100 820 820 900   0   0    0   0   0   0   0   0   0   0   0   0   0   0 100 (lib)
A-P_Gignac    31 fra  1  1  1 20 30 100 820 820  40   0   0    0   0   0   0   0   0   0   0   0   0   0   0 100 (lib)
Adrián_Ramos  31 col  1  1  1 19 30 100 820 820 440   0   0    0   0   0   0   0   0   0   0   0   0   0   0 100 (lib)
B_Gomis       31 fra  1  1  1 19 30 100  42  42 559   0   0    0   0   0   0   0   0   0   0   0   0   0   0 100 (oma)
Dayro_Moreno  31 col  1  1  1 19 30 100 820 820 290   0   0    0   0   0   0   0   0   0   0   0   0   0   0 100 (lib)
Edin_Dzeko    31 bih  1  1  1 19 30 100  56  51 847   0   0    0   0   0   0   0   0   0   0   0   0   0   0 100 (rom)
Falcao        31 col  1  1  1 20 30 100 640 536 916   0   0    0   0   0   0   0   0   0   0   0   0   0   0 100 (mun)
H_Rodallega   31 col  1  1  1 18 30 100 820 820 990   0   0    0   0   0   0   0   0   0   0   0   0   0   0 100 (lib)
K_Watanabe    31 jpn  1  1  1 18 30 100 820 820 160   0   0    0   0   0   0   0   0   0   0   0   0   0   0 100 (lib)
L_Podolski    31 ger  1  1  1 20 30 100 820 827 262   0   0    0   0   0   0   0   0   0   0   0   0   0   0 100 (lib)
Mario_Gómez   31 ger  1  1  1 20 30 100 816 816 460   0   0    0   0   0   0   0   0   0   0   0   0   0   0 100 (lib)
Nabil_Dirar   31 mar  1  1 16 19 30 100 566 825 189   0   0    0   0   0   0   0   0   0   0   0   0   0   0 100 (asm)
Paulinho_S    31 bra  1  1  1 18 30 100 818 818 616   0   0    0   0   0   0   0   0   0   0   0   0   0   0 100 (lib)
R_Soldado     31 esp  1  1  1 19 30 100 590 686 496   0   0    0   0   0   0   0   0   0   0   0   0   0   0 100 (vil)
Shinzo_Koroki 31 jpn  1  1  1 18 30 100 820 820 550   0   0    0   0   0   0   0   0   0   0   0   0   0   0 100 (lib)
T_Gutiérrez   31 col  1  1  1 19 30 100 820 820 440   0   0    0   0   0   0   0   0   0   0   0   0   0   0 100 (lib)
Tadanari_Lee  31 jpn  1  1 10 17 30 100 820 820 680   0   0    0   0   0   0   0   0   0   0   0   0   0   0 100 (lib)
Wayne_Rooney  31 eng  1  1 17 20 30 100  60 212 252   0   0    0   0   0   0   0   0   0   0   0   0   0   0 100 (opo)
Á_Negredo     31 esp  1  1  1 20 30 100 820 820  40   0   0    0   0   0   0   0   0   0   0   0   0   0   0 100 (lib)
Alex_Gerndt   30 swe  1  1  1 18 30 100 820 820 600   0   0    0   0   0   0   0   0   0   0   0   0   0   0 100 (lib)
C_Stuani      30 uru  1  1  1 18 30 100 820 820 850   0   0    0   0   0   0   0   0   0   0   0   0   0   0 100 (lib)
Carlos_Bacca  30 col  1  1  1 20 30 100 716 706 781   0   0    0   0   0   0   0   0   0   0   0   0   0   0 100 (mil)
E_Cavani      30 uru  1  1  1 21 30 100 556 671 496   0   0    0   0   0   0   0   0   0   0   0   0   0   0 100 (rma)
Eljero_Elia   30 ned  1  1 16 19 30 100 820 820 290   0   0    0   0   0   0   0   0   0   0   0   0   0   0 100 (lib)
F_Djordjevic  30 srb  1  1  1 19 30 100 820 820  80   0   0    0   0   0   0   0   0   0   0   0   0   0   0 100 (lib)
G_Rossi       30 ita  1  1  1 19 30 100 820 820 590   0   0    0   0   0   0   0   0   0   0   0   0   0   0 100 (lib)
Gervinho      30 civ  1  1 18 19 30 100 820 820 680   0   0    0   0   0   0   0   0   0   0   0   0   0   0 100 (lib)
H_Ben_Arfa    30 fra  1  1 18 20 30 100 618 809 484   0   0    0   0   0   0   0   0   0   0   0   0   0   0 100 (nic)
J_Kusukami    30 jpn  1  1 16 17 30 100 820 820 570   0   0    0   0   0   0   0   0   0   0   0   0   0   0 100 (lib)
Jamie_Vardy   30 eng  1  1  1 19 30 100  80  56 685   0   0    0   0   0   0   0   0   0   0   0   0   0   0 100 (lei)
José_Callejón 30 esp  1  1 18 21 30 100 682 891 282   0   0    0   0   0   0   0   0   0   0   0   0   0   0 100 (nap)
L_Ulloa       30 arg  1  1  1 18 30 100  90  92 178   0   0    0   0   0   0   0   0   0   0   0   0   0   0 100 (lei)
Lasse_Vibe    30 den  1  1  1 18 30 100 820 820 550   0   0    0   0   0   0   0   0   0   0   0   0   0   0 100 (lib)
Luis_Suárez   30 uru  1  1  1 23 30 100 566 566 217   0   0    0   0   0   0   0   0   0   0   0   0   0   0 100 (juv)
M_Mandzukic   30 cro  1  1  1 20 30 100  74  69 353   0   0    0   0   0   0   0   0   0   0   0   0   0   0 100 (opo)
Marcus_Berg   30 swe  1  1  1 19 30 100 800 800 706   0   0    0   0   0   0   0   0   0   0   0   0   0   0 100 (lib)
Mike_Havenaar 30 jpn  1  1  1 18 30 100 820 820 290   0   0    0   0   0   0   0   0   0   0   0   0   0   0 100 (lib)
Nani          30 por  1  1 18 20 30 100  36 407 154   0   0    0   0   0   0   0   0   0   0   0   0   0   0 100 (val)
Nolito        30 esp  1  1 18 20 30 100 568 771 358   0   0    0   0   0   0   0   0   0   0   0   0   0   0 100 (mci)
O_Giroud      30 fra  1  1  1 21 30 100 530 645  39   0   0    0   0   0   0   0   0   0   0   0   0   0   0 100 (ars)
Ola_Toivonen  30 swe  1  1  1 18 30 100 820 820 850   0   0    0   0   0   0   0   0   0   0   0   0   0   0 100 (lib)
S_Giovinco    30 ita  1  1  1 20 30 100 820 820 400   0   0    0   0   0   0   0   0   0   0   0   0   0   0 100 (lib)
S_Okazaki     30 jpn  1  1  1 19 30 100 710 705 252   0   0    0   0   0   0   0   0   0   0   0   0   0   0 100 (mil)
Yu_Kobayashi  30 jpn  1  1  1 18 30 100 820 820 680   0   0    0   0   0   0   0   0   0   0   0   0   0   0 100 (lib)
Zoran_Tosic   30 srb  1  1 18 19 30 100 820 820 380   0   0    0   0   0   0   0   0   0   0   0   0   0   0 100 (lib)
Éder          30 ita  1  1  1 19 30 100 200 187 492   0   0    0   0   0   0   0   0   0   0   0   0   0   0 100 (psg)
Adrián_López  29 esp  1  1  1 19 30 100 820 820 190   0   0    0   0   0   0   0   0   0   0   0   0   0   0 100 (lib)
Alessio_Cerci 29 ita  1  1 16 19 30 100 558 762 234   0   0    0   0   0   0   0   0   0   0   0   0   0   0 100 (vil)
C_D_Quintero  29 col  1  1  1 18 30 100 820 820 692   0   0    0   0   0   0   0   0   0   0   0   0   0   0 100 (lib)
Dorlan_Pabón  29 col  1  1 17 19 30 100 820 820 490   0   0    0   0   0   0   0   0   0   0   0   0   0   0 100 (lib)
Dries_Mertens 29 bel  1  1 19 21 30 100 670 888 935   0   0    0   0   0   0   0   0   0   0   0   0   0   0 100 (mun)
E_A_H_Soudani 29 alg  1  1 18 19 30 100 820 820 960   0   0    0   0   0   0   0   0   0   0   0   0   0   0 100 (lib)
F_Uribe       29 col  1  1  1 18 30 100 818 818 906   0   0    0   0   0   0   0   0   0   0   0   0   0   0 100 (lib)
Fredy_Montero 29 col  1  1  1 19 30 100 820 820 490   0   0    0   0   0   0   0   0   0   0   0   0   0   0 100 (lib)
G_Higuaín     29 arg  1  1  1 22 30 100 662 657 676   0   0    0   0   0   0   0   0   0   0   0   0   0   0 100 (bmu)
Iago_Aspas    29 esp  1  1 12 20 30 100 828 865 621   0   0    0   0   0   0   0   0   0   0   0   0   0   0 100 (lib)
Idir_Ouali    29 alg  1  1 17 18 30 100 820 820  30   0   0    0   0   0   0   0   0   0   0   0   0   0   0 100 (lib)
K_Mirallas    29 bel  1  1 18 19 30 100  50 209 813   0   0    0   0   0   0   0   0   0   0   0   0   0   0 100 (eve)
K_Mitroglou   29 gre  1  1  1 20 30 100 574 703 870   0   0    0   0   0   0   0   0   0   0   0   0   0   0 100 (slb)
Karim_Benzema 29 fra  1  1  1 21 30 100 666 580 704   0   0    0   0   0   0   0   0   0   0   0   0   0   0 100 (nap)
Kazuya_Murata 29 jpn  1  1 10 17 30 100 820 820 570   0   0    0   0   0   0   0   0   0   0   0   0   0   0 100 (lib)
Kévin_Gameiro 29 fra  1  1  1 21 30 100 548 632  93   0   0    0   0   0   0   0   0   0   0   0   0   0   0 100 (atm)
Lionel_Messi  29 arg  1  1 21 24 30 100 574 115 259   0   0    0   0   0   0   0   0   0   0   0   0   0   0 100 (bar)
Luiz_Adriano  29 bra  1  1  1 19 30 100 820 820 490   0   0    0   0   0   0   0   0   0   0   0   0   0   0 100 (lib)
M_Cauteruccio 29 uru  1  1  1 19 30 100 820 820  40   0   0    0   0   0   0   0   0   0   0   0   0   0   0 100 (lib)
Matin_Harnik  29 aut  1  1  1 19 30 100 810 798 359   0   0    0   0   0   0   0   0   0   0   0   0   0   0 100 (lib)
Max_Kruse     29 ger  1  1  1 19 30 100 820 820 920   0   0    0   0   0   0   0   0   0   0   0   0   0   0 100 (lib)
N_Bendtner    29 den  1  1  1 18 30 100 820 820 930   0   0    0   0   0   0   0   0   0   0   0   0   0   0 100 (lib)
N_Kalinic     29 cro  1  1  1 20 30 100 806 806 164   0   0    0   0   0   0   0   0   0   0   0   0   0   0 100 (lib)
Pedro         29 esp  1  1 18 20 30 100  86 280 134   0   0    0   0   0   0   0   0   0   0   0   0   0   0 100 (che)
R_Laborde     29 col  1  1 17 18 30 100 818 818 968   0   0    0   0   0   0   0   0   0   0   0   0   0   0 100 (lib)
Rodri_Mora    29 uru  1  1  1 19 30 100 820 820  40   0   0    0   0   0   0   0   0   0   0   0   0   0   0 100 (lib)
S_Doumbia     29 civ  1  1  1 19 30 100 820 820 680   0   0    0   0   0   0   0   0   0   0   0   0   0   0 100 (lib)
Takashi_Inui  29 jpn  1  1 17 19 30 100 820 820 530   0   0    0   0   0   0   0   0   0   0   0   0   0   0 100 (lib)
V_Prodell     29 swe  1  1  1 18 30 100 820 820 260   0   0    0   0   0   0   0   0   0   0   0   0   0   0 100 (lib)
Yannick_Sagbo 29 civ  1  1  1 18 30 100 820 820 930   0   0    0   0   0   0   0   0   0   0   0   0   0   0 100 (lib)
Éder_Lopes    29 por  1  1  1 19 30 100 810 810 340   0   0    0   0   0   0   0   0   0   0   0   0   0   0 100 (lib)
A_Modeste     28 fra  1  1  1 20 30 100 832 820 480   0   0    0   0   0   0   0   0   0   0   0   0   0   0 100 (lib)
A_Sánchez     28 chi  1  1 19 22 30 100 502 981 912   0   0    0   0   0   0   0   0   0   0   0   0   0   0 100 (ars)
Andy_Carroll  28 eng  1  1  1 19 30 100 820 820 490   0   0    0   0   0   0   0   0   0   0   0   0   0   0 100 (lib)
Carlos_Vela   28 mex  1  1 18 20 30 100  72 364 396   0   0    0   0   0   0   0   0   0   0   0   0   0   0 100 (sev)
Ched_Evans    28 wal  1  1  1 18 30 100 760 755  95   0   0    0   0   0   0   0   0   0   0   0   0   0   0 100 (lib)
Chicharito    28 mex  1  1  1 20 30 100  94  82 199   0   0    0   0   0   0   0   0   0   0   0   0   0   0 100 (che)
Choupo-Moting 28 cmr  1  1 16 19 30 100 446 502 340   0   0    0   0   0   0   0   0   0   0   0   0   0   0 100 (lib)
Derdiyok      28 sui  1  1  1 19 30 100 780 780 233   0   0    0   0   0   0   0   0   0   0   0   0   0   0 100 (lib)
Diego_Costa   28 esp  1  1  1 21 30 100  86 113 526   0   0    0   0   0   0   0   0   0   0   0   0   0   0 100 (che)
Dusan_Tadic   28 srb  1  1 17 19 30 100 820 820 960   0   0    0   0   0   0   0   0   0   0   0   0   0   0 100 (lib)
E_Herrera     28 mex  1  1  1 18 30 100 820 820 391   0   0    0   0   0   0   0   0   0   0   0   0   0   0 100 (lib)
F_Vázquez     28 ita  1  1 17 19 30 100 104 265 804   0   0    0   0   0   0   0   0   0   0   0   0   0   0 100 (sev)
Gerard_Gohou  28 civ  1  1  1 18 30 100 820 820 930   0   0    0   0   0   0   0   0   0   0   0   0   0   0 100 (lib)
Giovanni_Sio  28 civ  1  1  1 19 30 100 820 820  80   0   0    0   0   0   0   0   0   0   0   0   0   0   0 100 (lib)
Hiroaki_Okuno 28 jpn  1  1 17 18 30 100 820 820  30   0   0    0   0   0   0   0   0   0   0   0   0   0   0 100 (lib)
Islam_Slimani 28 alg  1  1  1 19 30 100  88  95 973   0   0    0   0   0   0   0   0   0   0   0   0   0   0 100 (lei)
J_Biabiany    28 fra  1  1 17 19 30 100 500 477  41   0   0    0   0   0   0   0   0   0   0   0   0   0   0 100 (int)
J_Fernándes   28 chi  1  1 16 18 30 100 820 820 900   0   0    0   0   0   0   0   0   0   0   0   0   0   0 100 (lib)
J_Hamroun     28 alg  1  1 16 18 30 100 820 820 550   0   0    0   0   0   0   0   0   0   0   0   0   0   0 100 (lib)
J_Kodjia      28 civ  1  1  1 19 30 100 820 820  80   0   0    0   0   0   0   0   0   0   0   0   0   0   0 100 (lib)
Jelle_Vossen  28 bel  1  1  1 19 30 100 820 820 190   0   0    0   0   0   0   0   0   0   0   0   0   0   0 100 (lib)
Jonathas      28 bra  1  1  1 19 30 100 820 820 640   0   0    0   0   0   0   0   0   0   0   0   0   0   0 100 (lib)
Joãozinho     28 bra  1  1 17 19 30 100 832 834 491   0   0    0   0   0   0   0   0   0   0   0   0   0   0 100 (lib)
K_Grosicki    28 pol  1  1 16 19 30 100 808 836 410   0   0    0   0   0   0   0   0   0   0   0   0   0   0 100 (lib)
Kensuke_Nagai 28 jpn  1  1 17 18 30 100 820 820 160   0   0    0   0   0   0   0   0   0   0   0   0   0   0 100 (lib)
L_Depoitre    28 bel  1  1  1 19 30 100 820 820  40   0   0    0   0   0   0   0   0   0   0   0   0   0   0 100 (lib)
L_Pavoletti   28 ita  1  1  1 19 30 100 820 820 340   0   0    0   0   0   0   0   0   0   0   0   0   0   0 100 (lib)
Lars_Stindl   28 ger  1  1  1 20 30 100 820 820  90   0   0    0   0   0   0   0   0   0   0   0   0   0   0 100 (lib)
Lucas_Pérez   28 esp  1  1  1 19 30 100  88  88 856   0   0    0   0   0   0   0   0   0   0   0   0   0   0 100 (lei)
M_Larrondo    28 chi  1  1  1 19 30 100 820 808 221   0   0    0   0   0   0   0   0   0   0   0   0   0   0 100 (lib)
Matías_Britos 28 uru  1  1  1 18 30 100 336 396 977   0   0    0   0   0   0   0   0   0   0   0   0   0   0 100 (rom)
Mu_Kanazaki   28 jpn  1  1  1 18 30 100 820 820 680   0   0    0   0   0   0   0   0   0   0   0   0   0   0 100 (lib)
R_Lewandowski 28 pol  1  1  1 23 30 100 574 725  17   0   0    0   0   0   0   0   0   0   0   0   0   0   0 100 (rma)
Sergio_Agüero 28 arg  1  1  1 23 30 100 518 652 130   0   0    0   0   0   0   0   0   0   0   0   0   0   0 100 (tot)
Troy_Deeney   28 eng  1  1  1 19 30 100 820 820 490   0   0    0   0   0   0   0   0   0   0   0   0   0   0 100 (lib)
Wilfried_Bony 28 civ  1  1  1 19 30 100 820 820 680   0   0    0   0   0   0   0   0   0   0   0   0   0   0 100 (lib)
Yuki_Muto     28 jpn  1  1 10 17 30 100 820 820 680   0   0    0   0   0   0   0   0   0   0   0   0   0   0 100 (lib)
A_Pato        27 bra  1  1  1 19 30 100 820 820 640   0   0    0   0   0   0   0   0   0   0   0   0   0   0 100 (lib)
A_Prijovic    27 srb  1  1  1 18 30 100 820 820 930   0   0    0   0   0   0   0   0   0   0   0   0   0   0 100 (lib)
Ashley_Barnes 27 aut  1  1  1 18 30 100 818 818 553   0   0    0   0   0   0   0   0   0   0   0   0   0   0 100 (lib)
Bas_Dost      27 ned  1  1  1 20 30 100 816 823 176   0   0    0   0   0   0   0   0   0   0   0   0   0   0 100 (lib)
C_Austin      27 eng  1  1  1 19 30 100 820 820 490   0   0    0   0   0   0   0   0   0   0   0   0   0   0 100 (lib)
C_Gytkjaer    27 den  1  1  1 18 30 100 820 820 420   0   0    0   0   0   0   0   0   0   0   0   0   0   0 100 (lib)
C_Immobile    27 ita  1  1  1 20 30 100 646 516 403   0   0    0   0   0   0   0   0   0   0   0   0   0   0 100 (tot)
Cyriac        27 civ  1  1  1 18 30 100 820 820 420   0   0    0   0   0   0   0   0   0   0   0   0   0   0 100 (lib)
D_Sturridge   27 eng  1  1  1 20 30 100 524 647 932   0   0    0   0   0   0   0   0   0   0   0   0   0   0 100 (liv)
Duje_Cop      27 cro  1  1  1 19 30 100 820 820  40   0   0    0   0   0   0   0   0   0   0   0   0   0   0 100 (lib)
E_Valencia    27 ecu  1  1  1 18 30 100  84  84 640   0   0    0   0   0   0   0   0   0   0   0   0   0   0 100 (eve)
E_Vargas      27 chi  1  1 16 19 30 100 818 880 152   0   0    0   0   0   0   0   0   0   0   0   0   0   0 100 (lib)
F_Di_Santo    27 arg  1  1  1 18 30 100 472 460 885   0   0    0   0   0   0   0   0   0   0   0   0   0   0 100 (lib)
G_Burgstaller 27 aut  1  1  1 18 30 100 438 438 892   0   0    0   0   0   0   0   0   0   0   0   0   0   0 100 (lib)
G_dos_Santos  27 mex  1  1  1 21 30 100 576 684  38   0   0    0   0   0   0   0   0   0   0   0   0   0   0 100 (vil)
G_Lapadula    27 ita  1  1  1 19 30 100 660 600 450   0   0    0   0   0   0   0   0   0   0   0   0   0   0 100 (int)
Gareth_Bale   27 wal  1  1 20 22 30 100 594 885 739   0   0    0   0   0   0   0   0   0   0   0   0   0   0 100 (bmu)
H_Robson-Kanu 27 wal  1  1 15 17 30 100 770 813 832   0   0    0   0   0   0   0   0   0   0   0   0   0   0 100 (lib)
Hiroki_Kawano 27 jpn  1  1 15 17 30 100 820 820 680   0   0    0   0   0   0   0   0   0   0   0   0   0   0 100 (lib)
Iago_Falqué   27 esp  1  1 17 19 30 100 820 820 920   0   0    0   0   0   0   0   0   0   0   0   0   0   0 100 (lib)
Irven_Ávila   27 per  1  1 15 17 30 100 820 820 810   0   0    0   0   0   0   0   0   0   0   0   0   0   0 100 (lib)
Ivan_Santini  27 cro  1  1  1 18 30 100 820 820 650   0   0    0   0   0   0   0   0   0   0   0   0   0   0 100 (lib)
Lacina_Traoré 27 civ  1  1  1 18 30 100 820 820 930   0   0    0   0   0   0   0   0   0   0   0   0   0   0 100 (lib)
M_Antonio     27 eng  1  1 17 19 30 100 820 820 640   0   0    0   0   0   0   0   0   0   0   0   0   0   0 100 (lib)
Nabil_Ghilas  27 alg  1  1  1 18 30 100 820 820 550   0   0    0   0   0   0   0   0   0   0   0   0   0   0 100 (lib)
P_Aubameyang  27 gab  1  1  1 21 30 100 680 601 732   0   0    0   0   0   0   0   0   0   0   0   0   0   0 100 (bdo)
P_Hosiner     27 aut  1  1  1 18 30 100 820 820 525   0   0    0   0   0   0   0   0   0   0   0   0   0   0 100 (lib)
P_Skuletic    27 srb  1  1  1 18 30 100 820 820 160   0   0    0   0   0   0   0   0   0   0   0   0   0   0 100 (lib)
S_Feghouli    27 alg  1  1 18 19 30 100 820 820 680   0   0    0   0   0   0   0   0   0   0   0   0   0   0 100 (lib)
S_Jovetic     27 mne  1  1  1 19 30 100  98  74 540   0   0    0   0   0   0   0   0   0   0   0   0   0   0 100 (sev)
S_Scepovic    27 srb  1  1  1 18 30 100 820 820 550   0   0    0   0   0   0   0   0   0   0   0   0   0   0 100 (lib)
Sam_Vokes     27 wal  1  1  1 18 30 100 758 765 706   0   0    0   0   0   0   0   0   0   0   0   0   0   0 100 (lib)
Silvio_Romero 27 arg  1  1  1 19 30 100 820 820 190   0   0    0   0   0   0   0   0   0   0   0   0   0   0 100 (lib)
Thomas_Müller 27 ger  1  1 20 22 30 100 566  11 180   0   0    0   0   0   0   0   0   0   0   0   0   0   0 100 (asm)
Vitolo        27 esp  1  1 18 20 30 100 376 635 407   0   0    0   0   0   0   0   0   0   0   0   0   0   0 100 (bmu)
Y_Brahimi     27 alg  1  1 17 20 30 100  54 179  64   0   0    0   0   0   0   0   0   0   0   0   0   0   0 100 (opo)
Yuya_Osako    27 jpn  1  1 10 19 30 100 820 820 380   0   0    0   0   0   0   0   0   0   0   0   0   0   0 100 (lib)
A_Griezmann   26 fra  1  1 15 22 30 100 576 793 707   0   0    0   0   0   0   0   0   0   0   0   0   0   0 100 (atm)
A_Katai       26 srb  1  1 16 18 30 100 820 820 930   0   0    0   0   0   0   0   0   0   0   0   0   0   0 100 (lib)
A_Stevanovic  26 srb  1  1 15 17 30 100 820 820 240   0   0    0   0   0   0   0   0   0   0   0   0   0   0 100 (lib)
Abel_Hnandez  26 uru  1  1  1 19 30 100 820 820  80   0   0    0   0   0   0   0   0   0   0   0   0   0   0 100 (lib)
Admir_Mehmedi 26 sui  1  1 17 19 30 100 686 855 894   0   0    0   0   0   0   0   0   0   0   0   0   0   0 100 (ble)
Alan_Pulido   26 mex  1  1  1 18 30 100 820 820 970   0   0    0   0   0   0   0   0   0   0   0   0   0   0 100 (lib)
Artur_Sobiech 26 pol  1  1  1 18 30 100 808 808 561   0   0    0   0   0   0   0   0   0   0   0   0   0   0 100 (lib)
Bojan_Krkic   26 esp  1  1  1 20 30 100 820 820 130   0   0    0   0   0   0   0   0   0   0   0   0   0   0 100 (lib)
C_Benteke     26 bel  1  1  1 20 30 100 808 815 175   0   0    0   0   0   0   0   0   0   0   0   0   0   0 100 (lib)
C_Kouakou     26 civ  1  1  1 18 30 100 820 820 290   0   0    0   0   0   0   0   0   0   0   0   0   0   0 100 (lib)
Danny_Welbeck 26 eng  1  1 10 20 30 100 556 773 295   0   0    0   0   0   0   0   0   0   0   0   0   0   0 100 (ars)
Duván_Zapata  26 col  1  1  1 19 30 100 820 820 638   0   0    0   0   0   0   0   0   0   0   0   0   0   0 100 (lib)
F_Soares      26 bra  1  1  1 18 30 100  88  88 987   0   0    0   0   0   0   0   0   0   0   0   0   0   0 100 (opo)
Felipe_Pardo  26 col  1  1 17 19 30 100 820 820 380   0   0    0   0   0   0   0   0   0   0   0   0   0   0 100 (lib)
G_Haraguchi   26 jpn  1  1 17 19 30 100 820 820  80   0   0    0   0   0   0   0   0   0   0   0   0   0   0 100 (lib)
Hamza_Zaidi   26 alg  1  1 15 17 30 100 820 820 460   0   0    0   0   0   0   0   0   0   0   0   0   0   0 100 (lib)
L_Hinterseer  26 aut  1  1  1 18 30 100 830 818 689   0   0    0   0   0   0   0   0   0   0   0   0   0   0 100 (lib)
L_Narsingh    26 ned  1  1 16 19 30 100 820 820 230   0   0    0   0   0   0   0   0   0   0   0   0   0   0 100 (lib)
Luuk_de_Jong  26 ned  1  1  1 19 30 100 448 526 737   0   0    0   0   0   0   0   0   0   0   0   0   0   0 100 (psv)
M_Balotelli   26 ita  1  1  1 20 30 100 638 689 486   0   0    0   0   0   0   0   0   0   0   0   0   0   0 100 (psg)
M_Braithwaite 26 den  1  1  1 19 30 100 820 820 380   0   0    0   0   0   0   0   0   0   0   0   0   0   0 100 (lib)
M_Le_Bihan    26 fra  1  1  1 18 30 100 659 680 493   0   0    0   0   0   0   0   0   0   0   0   0   0   0 100 (lib)
Mattia_Destro 26 ita  1  1  1 19 30 100 820 820 230   0   0    0   0   0   0   0   0   0   0   0   0   0   0 100 (lib)
N_Jörgensen   26 den  1  1  1 19 30 100 820 820 680   0   0    0   0   0   0   0   0   0   0   0   0   0   0 100 (lib)
Raúl_Ruidíaz  26 per  1  1  1 18 30 100 820 820 690   0   0    0   0   0   0   0   0   0   0   0   0   0   0 100 (lib)
Rodrigo       26 esp  1  1  1 19 30 100 122 105 199   0   0    0   0   0   0   0   0   0   0   0   0   0   0 100 (val)
Rui_Fonte     26 por  1  1  1 19 30 100 820 820 122   0   0    0   0   0   0   0   0   0   0   0   0   0   0 100 (lib)
S_Armenteros  26 swe  1  1  1 18 30 100 820 820 560   0   0    0   0   0   0   0   0   0   0   0   0   0   0 100 (lib)
S_Makienok    26 den  1  1  1 18 30 100 820 820  30   0   0    0   0   0   0   0   0   0   0   0   0   0   0 100 (lib)
Santi_García  26 uru  1  1  1 18 30 100 820 820 725   0   0    0   0   0   0   0   0   0   0   0   0   0   0 100 (lib)
T_Takagi      26 jpn  1  1 16 17 30 100 820 820 350   0   0    0   0   0   0   0   0   0   0   0   0   0   0 100 (lib)
V_Germain     26 fra  1  1  1 20 30 100 560 656  48   0   0    0   0   0   0   0   0   0   0   0   0   0   0 100 (asm)
Víctor_Ibarbo 26 col  1  1 17 19 30 100 820 820  80   0   0    0   0   0   0   0   0   0   0   0   0   0   0 100 (lib)
W_Ben_Yedder  26 fra  1  1  1 19 30 100 100  88 481   0   0    0   0   0   0   0   0   0   0   0   0   0   0 100 (sev)
A_Carrillo    25 per  1  1 17 19 30 100 722 749 616   0   0    0   0   0   0   0   0   0   0   0   0   0   0 100 (mil)
A_Culina      25 cro  1  1 15 17 30 100 820 820 480   0   0    0   0   0   0   0   0   0   0   0   0   0   0 100 (lib)
A_Kramaric    25 cro  1  1  1 19 30 100 832 820 754   0   0    0   0   0   0   0   0   0   0   0   0   0   0 100 (lib)
A_Lacazette   25 fra  1  1  1 21 30 100  76  98 176   0   0    0   0   0   0   0   0   0   0   0   0   0   0 100 (lyo)
A_Pesic       25 srb  1  1  1 18 30 100 820 820 550   0   0    0   0   0   0   0   0   0   0   0   0   0   0 100 (lib)
A_Weimann     25 aut  1  1 16 18 30 100 820 820 301   0   0    0   0   0   0   0   0   0   0   0   0   0   0 100 (lib)
Ante_Budimir  25 cro  1  1  1 18 30 100 820 820 300   0   0    0   0   0   0   0   0   0   0   0   0   0   0 100 (lib)
B_Bounedjah   25 alg  1  1  1 18 30 100 820 820 550   0   0    0   0   0   0   0   0   0   0   0   0   0   0 100 (lib)
C_Bakambu     25 cod  1  1  1 20 30 100 568 702 485   0   0    0   0   0   0   0   0   0   0   0   0   0   0 100 (vil)
Dudu          25 bra  1  1 15 18 30 100 820 820  50   0   0    0   0   0   0   0   0   0   0   0   0   0   0 100 (lib)
F_Ferreyra    25 arg  1  1  1 19 30 100 820 820  80   0   0    0   0   0   0   0   0   0   0   0   0   0   0 100 (lib)
G_Carrillo    25 arg  1  1  1 18 30 100 698 758 916   0   0    0   0   0   0   0   0   0   0   0   0   0   0 100 (lib)
I_Belfodil    25 alg  1  1 11 19 30 100 820 820  80   0   0    0   0   0   0   0   0   0   0   0   0   0   0 100 (lib)
Idriss_Saadi  25 alg  1  1  1 18 30 100 820 820 550   0   0    0   0   0   0   0   0   0   0   0   0   0   0 100 (lib)
J_Despotovic  25 srb  1  1  1 18 30 100 820 820 550   0   0    0   0   0   0   0   0   0   0   0   0   0   0 100 (lib)
J_Villamarín  25 per  1  1 12 17 30 100 820 820 420   0   0    0   0   0   0   0   0   0   0   0   0   0   0 100 (lib)
Keijiro_Ogawa 25 jpn  1  1  9 17 30 100 820 820 350   0   0    0   0   0   0   0   0   0   0   0   0   0   0 100 (lib)
L_Fernández   25 arg  1  1  1 18 30 100 820 820 560   0   0    0   0   0   0   0   0   0   0   0   0   0   0 100 (lib)
L_Insigne     25 ita  1  1 18 21 30 100 680 748 717   0   0    0   0   0   0   0   0   0   0   0   0   0   0 100 (mci)
L_Teodorczyk  25 pol  1  1  1 19 30 100 818 818 534   0   0    0   0   0   0   0   0   0   0   0   0   0   0 100 (lib)
Luis_Muriel   25 col  1  1  1 19 30 100 830 825 459   0   0    0   0   0   0   0   0   0   0   0   0   0   0 100 (lib)
N_Sansone     25 ita  1  1  1 19 30 100 560 680 861   0   0    0   0   0   0   0   0   0   0   0   0   0   0 100 (vil)
Neymar        25 bra  1  1 20 23 30 100 540 865 825   0   0    0   0   0   0   0   0   0   0   0   0   0   0 100 (mun)
R_Falk_Jensen 25 den  1  1 16 18 30 100 820 820 160   0   0    0   0   0   0   0   0   0   0   0   0   0   0 100 (lib)
R_Firmino     25 bra  1  1 15 21 30 100 552 910 222   0   0    0   0   0   0   0   0   0   0   0   0   0   0 100 (liv)
Raúl_Jiménez  25 mex  1  1  1 19 30 100 582 697 484   0   0    0   0   0   0   0   0   0   0   0   0   0   0 100 (slb)
Robert_Zulj   25 aut  1  1  1 18 30 100 820 820 591   0   0    0   0   0   0   0   0   0   0   0   0   0   0 100 (lib)
S_Berghuis    25 ned  1  1 16 19 30 100 820 820 230   0   0    0   0   0   0   0   0   0   0   0   0   0   0 100 (lib)
S_Srnic       25 srb  1  1 17 18 30 100 820 820  30   0   0    0   0   0   0   0   0   0   0   0   0   0   0 100 (lib)
Sabin_Merino  25 esp  1  1 16 18 30 100 820 820 940   0   0    0   0   0   0   0   0   0   0   0   0   0   0 100 (lib)
Seferovic     25 sui  1  1  1 18 30 100 820 820 940   0   0    0   0   0   0   0   0   0   0   0   0   0   0 100 (lib)
Simone_Zaza   25 ita  1  1  1 19 30 100 100 102 410   0   0    0   0   0   0   0   0   0   0   0   0   0   0 100 (val)
Stojiljkovic  25 srb  1  1  1 18 30 100 820 820 680   0   0    0   0   0   0   0   0   0   0   0   0   0   0 100 (lib)
T_Miyayoshi   25 jpn  1  1 10 17 30 100 820 820 570   0   0    0   0   0   0   0   0   0   0   0   0   0   0 100 (lib)
Takashi_Usami 25 jpn  1  1 17 19 30 100 820 820  80   0   0    0   0   0   0   0   0   0   0   0   0   0   0 100 (lib)
Willian_José  25 bra  1  1  1 19 30 100 802 790 697   0   0    0   0   0   0   0   0   0   0   0   0   0   0 100 (lib)
A_Cornelius   24 den  1  1  1 18 30 100 820 820 680   0   0    0   0   0   0   0   0   0   0   0   0   0   0 100 (lib)
Ahmed_Musa    24 nga  1  1  1 19 30 100 578 698 186   0   0    0   0   0   0   0   0   0   0   0   0   0   0 100 (bar)
Alassane_Pléa 24 fra  1  1  1 20 30 100 674 695  50   0   0    0   0   0   0   0   0   0   0   0   0   0   0 100 (nap)
B_Hrgota      24 swe  1  1  1 18 30 100 810 810 551   0   0    0   0   0   0   0   0   0   0   0   0   0   0 100 (lib)
Borja_Bastón  24 esp  1  1  1 19 30 100 820 820 530   0   0    0   0   0   0   0   0   0   0   0   0   0   0 100 (lib)
C_Nyman       24 swe  1  1  1 18 30 100 820 820 305   0   0    0   0   0   0   0   0   0   0   0   0   0   0 100 (lib)
Danny_Ings    24 eng  1  1  1 19 30 100 570 690 303   0   0    0   0   0   0   0   0   0   0   0   0   0   0 100 (liv)
Diego_Rolán   24 uru  1  1  1 19 30 100 820 820 391   0   0    0   0   0   0   0   0   0   0   0   0   0   0 100 (lib)
E_Berggreen   24 den  1  1  1 18 30 100 820 820 160   0   0    0   0   0   0   0   0   0   0   0   0   0   0 100 (lib)
F_Malbasic    24 srb  1  1 16 18 30 100 820 820 160   0   0    0   0   0   0   0   0   0   0   0   0   0   0 100 (lib)
F_Thauvin     24 fra  1  1 18 20 30 100  70 176 155   0   0    0   0   0   0   0   0   0   0   0   0   0   0 100 (oma)
Filip_Kostic  24 srb  1  1 18 19 30 100 820 820 530   0   0    0   0   0   0   0   0   0   0   0   0   0   0 100 (lib)
Heung-Min_Son 24 kor  1  1 17 19 30 100 696 684 948   0   0    0   0   0   0   0   0   0   0   0   0   0   0 100 (tot)
Iker_Muniain  24 esp  1  1 17 19 30 100 820 820 530   0   0    0   0   0   0   0   0   0   0   0   0   0   0 100 (lib)
Iván_Bulos    24 per  1  1  1 17 30 100 820 820 920   0   0    0   0   0   0   0   0   0   0   0   0   0   0 100 (lib)
J_Guidetti    24 swe  1  1  1 19 30 100 798 798 515   0   0    0   0   0   0   0   0   0   0   0   0   0   0 100 (lib)
Jesé          24 esp  1  1 16 19 30 100 820 820 680   0   0    0   0   0   0   0   0   0   0   0   0   0   0 100 (lib)
Josip_Drmic   24 sui  1  1  1 19 30 100 816 816 326   0   0    0   0   0   0   0   0   0   0   0   0   0   0 100 (lib)
Junior_Tallo  24 civ  1  1  1 18 30 100 820 820 160   0   0    0   0   0   0   0   0   0   0   0   0   0   0 100 (lib)
Junya_Ito     24 jpn  1  1 17 18 30 100 820 820 680   0   0    0   0   0   0   0   0   0   0   0   0   0   0 100 (lib)
K_Sugimoto    24 jpn  1  1  1 18 30 100 820 820 550   0   0    0   0   0   0   0   0   0   0   0   0   0   0 100 (lib)
Kevin_Volland 24 ger  1  1 18 20 30 100 644 973 834   0   0    0   0   0   0   0   0   0   0   0   0   0   0 100 (ble)
Leo_Baptistão 24 bra  1  1  1 19 30 100 530 650 984   0   0    0   0   0   0   0   0   0   0   0   0   0   0 100 (liv)
Loris_Brogno  24 bel  1  1 16 17 30 100 820 820 920   0   0    0   0   0   0   0   0   0   0   0   0   0   0 100 (lib)
M_Lestienne   24 bel  1  1 17 19 30 100 820 820 230   0   0    0   0   0   0   0   0   0   0   0   0   0   0 100 (lib)
M_Santos      24 uru  1  1  1 18 30 100 820 820 560   0   0    0   0   0   0   0   0   0   0   0   0   0   0 100 (lib)
Mauro_Icardi  24 arg  1  1  1 20 30 100 153 140 479   0   0    0   0   0   0   0   0   0   0   0   0   0   0 100 (bar)
Mohamed_Salah 24 egy  1  1 18 20 30 100 306 608 618   0   0    0   0   0   0   0   0   0   0   0   0   0   0 100 (psg)
N_Castillo    24 chi  1  1  1 19 30 100 532 679 935   0   0    0   0   0   0   0   0   0   0   0   0   0   0 100 (rom)
Paul-G_Ntep   24 fra  1  1 18 19 30 100 820 820 960   0   0    0   0   0   0   0   0   0   0   0   0   0   0 100 (lib)
R_Ghezzal     24 alg  1  1 16 19 30 100 100 153  24   0   0    0   0   0   0   0   0   0   0   0   0   0   0 100 (lyo)
Roman_Buess   24 sui  1  1  1 18 30 100 820 820  55   0   0    0   0   0   0   0   0   0   0   0   0   0   0 100 (lib)
Ryo_Miyaichi  24 jpn  1  1 15 17 30 100 820 820 900   0   0    0   0   0   0   0   0   0   0   0   0   0   0 100 (lib)
S_El_Shaarawy 24 ita  1  1 18 20 30 100 384 759 425   0   0    0   0   0   0   0   0   0   0   0   0   0   0 100 (int)
Sadio_Mané    24 sen  1  1 18 20 30 100 546 752 565   0   0    0   0   0   0   0   0   0   0   0   0   0   0 100 (liv)
Simone_Verdi  24 ita  1  1 17 19 30 100 820 820 230   0   0    0   0   0   0   0   0   0   0   0   0   0   0 100 (lib)
Tom_Bradshaw  24 wal  1  1  1 18 30 100 830 825  69   0   0    0   0   0   0   0   0   0   0   0   0   0   0 100 (lib)
Uffe_Bech     24 den  1  1 17 18 30 100 820 820 420   0   0    0   0   0   0   0   0   0   0   0   0   0   0 100 (lib)
Y_Muto        24 jpn  1  1 17 19 30 100 820 820  80   0   0    0   0   0   0   0   0   0   0   0   0   0   0 100 (lib)
Yaya_Sanogo   24 fra  1  1  1 18 30 100 700 760 110   0   0    0   0   0   0   0   0   0   0   0   0   0   0 100 (lib)
Álvaro_Morata 24 esp  1  1  1 21 30 100 560 687  80   0   0    0   0   0   0   0   0   0   0   0   0   0   0 100 (rma)
A_Belotti     23 ita  1  1  1 20 30 100 760 736 186   0   0    0   0   0   0   0   0   0   0   0   0   0   0 100 (mil)
A_Milik       23 pol  1  1  1 20 30 100 684 585 363   0   0    0   0   0   0   0   0   0   0   0   0   0   0 100 (nic)
A_Pavlovic    23 srb  1  1  1 17 30 100 820 820 570   0   0    0   0   0   0   0   0   0   0   0   0   0   0 100 (lib)
Alexy_Bosetti 23 fra  1  1  1 17 30 100 700 700 982   0   0    0   0   0   0   0   0   0   0   0   0   0   0 100 (nic)
Amin_Younes   23 ger  1  1 17 18 30 100  98 105 553   0   0    0   0   0   0   0   0   0   0   0   0   0   0 100 (ajx)
Ante_Rebic    23 cro  1  1 15 18 30 100 820 820 330   0   0    0   0   0   0   0   0   0   0   0   0   0   0 100 (lib)
B_Constant    23 fra  1  1  1 16 30 100 700 700 950   0   0    0   0   0   0   0   0   0   0   0   0   0   0 100 (lib)
Clinton_N'Jie 23 cmr  1  1 16 18 30 100  86 159 370   0   0    0   0   0   0   0   0   0   0   0   0   0   0 100 (oma)
F_Avenatti    23 uru  1  1  1 18 30 100 820 820 200   0   0    0   0   0   0   0   0   0   0   0   0   0   0 100 (lib)
G_Deulofeu    23 esp  1  1 19 20 30 100 668  22 719   0   0    0   0   0   0   0   0   0   0   0   0   0   0 100 (mil)
H_Calhanoglu  23 tur  1  1 18 20 30 100 692 886 622   0   0    0   0   0   0   0   0   0   0   0   0   0   0 100 (ble)
Harry_Kane    23 eng  1  1  1 21 30 100 656 579 805   0   0    0   0   0   0   0   0   0   0   0   0   0   0 100 (mci)
I_Cavaleiro   23 por  1  1 17 18 30 100 820 827 971   0   0    0   0   0   0   0   0   0   0   0   0   0   0 100 (lib)
J_Locadia     23 ned  1  1  1 18 30 100 450 545 941   0   0    0   0   0   0   0   0   0   0   0   0   0   0 100 (psv)
Jonathan_R    23 uru  1  1  1 18 30 100 820 820 590   0   0    0   0   0   0   0   0   0   0   0   0   0   0 100 (lib)
Juanmi        23 esp  1  1  1 19 30 100 820 820 110   0   0    0   0   0   0   0   0   0   0   0   0   0   0 100 (lib)
K_Zohore      23 den  1  1  1 18 30 100 820 820 420   0   0    0   0   0   0   0   0   0   0   0   0   0   0 100 (lib)
L_Markovic    23 srb  1  1 17 19 30 100 820 820 230   0   0    0   0   0   0   0   0   0   0   0   0   0   0 100 (lib)
L_Vietto      23 arg  1  1  1 19 30 100 100 100  12   0   0    0   0   0   0   0   0   0   0   0   0   0   0 100 (sev)
Lucas_Alario  23 arg  1  1  1 19 30 100 820 820 560   0   0    0   0   0   0   0   0   0   0   0   0   0   0 100 (lib)
M_Batshuayi   23 bel  1  1  1 20 30 100 666 553 221   0   0    0   0   0   0   0   0   0   0   0   0   0   0 100 (ble)
M_Philipp     23 ger  1  1  1 19 30 100 820 820 260   0   0    0   0   0   0   0   0   0   0   0   0   0   0 100 (lib)
M_Politano    23 ita  1  1 17 19 30 100 820 820 260   0   0    0   0   0   0   0   0   0   0   0   0   0   0 100 (lib)
Mariano_Díaz  23 dom  1  1  1 18 30 100 820 820 970   0   0    0   0   0   0   0   0   0   0   0   0   0   0 100 (lib)
Marko_Livaja  23 cro  1  1  1 19 30 100 820 820 110   0   0    0   0   0   0   0   0   0   0   0   0   0   0 100 (lib)
Memphis_Depay 23 ned  1  1 17 20 30 100  66 332 206   0   0    0   0   0   0   0   0   0   0   0   0   0   0 100 (lyo)
O_Ozegovic    23 srb  1  1  1 18 30 100 820 820 420   0   0    0   0   0   0   0   0   0   0   0   0   0   0 100 (lib)
Paco_Alcácer  23 esp  1  1  1 19 30 100  60  60 155   0   0    0   0   0   0   0   0   0   0   0   0   0   0 100 (opo)
Paulo_Dybala  23 arg  1  1 18 22 30 100 574 787 175   0   0    0   0   0   0   0   0   0   0   0   0   0   0 100 (bar)
Roger_Assalé  23 civ  1  1  1 18 30 100 820 820 290   0   0    0   0   0   0   0   0   0   0   0   0   0   0 100 (lib)
Romelu_Lukaku 23 bel  1  1  1 21 30 100  76  66   1   0   0    0   0   0   0   0   0   0   0   0   0   0   0 100 (eve)
S_Berahino    23 eng  1  1  1 19 30 100 820 820 260   0   0    0   0   0   0   0   0   0   0   0   0   0   0 100 (lib)
S_Khelifi     23 sui  1  1 16 18 30 100 820 820 467   0   0    0   0   0   0   0   0   0   0   0   0   0   0 100 (lib)
Sam_Larsson   23 swe  1  1 16 19 30 100 830 839 159   0   0    0   0   0   0   0   0   0   0   0   0   0   0 100 (lib)
Suso          23 esp  1  1 17 20 30 100 696 901 423   0   0    0   0   0   0   0   0   0   0   0   0   0   0 100 (mil)
T_Kanamori    23 jpn  1  1 10 17 30 100 820 820 570   0   0    0   0   0   0   0   0   0   0   0   0   0   0 100 (lib)
U_Djurdjevic  23 srb  1  1  1 18 30 100 820 820 680   0   0    0   0   0   0   0   0   0   0   0   0   0   0 100 (lib)
V_Fischer     23 den  1  1 18 19 30 100 820 820  80   0   0    0   0   0   0   0   0   0   0   0   0   0   0 100 (lib)
Vitinho       23 bra  1  1  1 19 30 100 820 820 117   0   0    0   0   0   0   0   0   0   0   0   0   0   0 100 (lib)
Y_Poulsen     23 den  1  1  1 19 30 100 820 820 230   0   0    0   0   0   0   0   0   0   0   0   0   0   0 100 (lib)
Yohan_Boli    23 civ  1  1  1 18 30 100 820 820 160   0   0    0   0   0   0   0   0   0   0   0   0   0   0 100 (lib)
Yordy_Reyna   23 per  1  1 14 18 30 100 820 820 621   0   0    0   0   0   0   0   0   0   0   0   0   0   0 100 (lib)
Yuya_Kubo     23 jpn  1  1  1 18 30 100 820 820 930   0   0    0   0   0   0   0   0   0   0   0   0   0   0 100 (lib)
Á_Zaldívar    23 mex  1  1  1 18 30 100 820 820 330   0   0    0   0   0   0   0   0   0   0   0   0   0   0 100 (lib)
A_Limbombe    22 bel  1  1 16 18 30 100 820 820 720   0   0    0   0   0   0   0   0   0   0   0   0   0   0 100 (lib)
A_Mitrovic    22 srb  1  1  1 19 30 100 820 820 110   0   0    0   0   0   0   0   0   0   0   0   0   0   0 100 (lib)
Bruma         22 por  1  1 18 19 30 100 670 670 855   0   0    0   0   0   0   0   0   0   0   0   0   0   0 100 (lib)
D_Berardi     22 ita  1  1 18 20 30 100 688 866 239   0   0    0   0   0   0   0   0   0   0   0   0   0   0 100 (psg)
E_Marcondes   22 den  1  1  1 18 30 100 820 820  30   0   0    0   0   0   0   0   0   0   0   0   0   0   0 100 (lib)
G-K_N'Koudou  22 fra  1  1 17 19 30 100 688 570 349   0   0    0   0   0   0   0   0   0   0   0   0   0   0 100 (tot)
I_Williams    22 esp  1  1 18 19 30 100  90 222 689   0   0    0   0   0   0   0   0   0   0   0   0   0   0 100 (lei)
J_Calleri     22 arg  1  1  1 19 30 100 820 820 260   0   0    0   0   0   0   0   0   0   0   0   0   0   0 100 (lib)
J_Pohjanpalo  22 fin  1  1  1 18 30 100 690 570 613   0   0    0   0   0   0   0   0   0   0   0   0   0   0 100 (ble)
Lucas_Ocampos 22 arg  1  1 16 19 30 100 538 742 732   0   0    0   0   0   0   0   0   0   0   0   0   0   0 100 (slb)
M'Baye_Niang  22 fra  1  1  1 19 30 100 820 820 560   0   0    0   0   0   0   0   0   0   0   0   0   0   0 100 (lib)
Michael_Frey  22 sui  1  1  1 18 30 100 820 820  80   0   0    0   0   0   0   0   0   0   0   0   0   0   0 100 (lib)
N_Ninkovic    22 srb  1  1 17 18 30 100 820 820 290   0   0    0   0   0   0   0   0   0   0   0   0   0   0 100 (lib)
Nicolas_Pepe  22 civ  1  1 17 18 30 100 820 820 550   0   0    0   0   0   0   0   0   0   0   0   0   0   0 100 (lib)
Pione_Sisto   22 den  1  1 18 19 30 100 820 820  80   0   0    0   0   0   0   0   0   0   0   0   0   0   0 100 (lib)
R_Kishna      22 ned  1  1 16 19 30 100 820 820 110   0   0    0   0   0   0   0   0   0   0   0   0   0   0 100 (lib)
R_Sterling    22 eng  1  1 18 21 30 100 594 983 121   0   0    0   0   0   0   0   0   0   0   0   0   0   0 100 (mci)
Saïd_Benrahma 22 alg  1  1 17 18 30 100 820 820  30   0   0    0   0   0   0   0   0   0   0   0   0   0   0 100 (lib)
T_Minamino    22 jpn  1  1  1 18 30 100 820 820 550   0   0    0   0   0   0   0   0   0   0   0   0   0   0 100 (lib)
Takuma_Asano  22 jpn  1  1  1 18 30 100 820 820 420   0   0    0   0   0   0   0   0   0   0   0   0   0   0 100 (lib)
V_Janssen     22 ned  1  1  1 19 30 100 712 580 363   0   0    0   0   0   0   0   0   0   0   0   0   0   0 100 (tot)
Ángel_Correa  22 arg  1  1 16 20 30 100 536 698  15   0   0    0   0   0   0   0   0   0   0   0   0   0   0 100 (atm)
A_El_Ghazi    21 ned  1  1 16 18 30 100 820 820 970   0   0    0   0   0   0   0   0   0   0   0   0   0   0 100 (lib)
A_Martial     21 fra  1  1  1 20 30 100 668 555 760   0   0    0   0   0   0   0   0   0   0   0   0   0   0 100 (nic)
A_Petagna     21 ita  1  1  1 18 30 100 820 820 720   0   0    0   0   0   0   0   0   0   0   0   0   0   0 100 (lib)
A_Rabillard   21 fra  1  1  1 16 30 100 100 100 587   0   0    0   0   0   0   0   0   0   0   0   0   0   0 100 (oma)
Aitor         21 esp  1  1 15 18 30 100 820 820  80   0   0    0   0   0   0   0   0   0   0   0   0   0   0 100 (lib)
André_Silva   21 por  1  1  1 19 30 100 648 643 885   0   0    0   0   0   0   0   0   0   0   0   0   0   0 100 (juv)
B_Traoré      21 bfa  1  1 16 19 30 100 820 820 260   0   0    0   0   0   0   0   0   0   0   0   0   0   0 100 (lib)
Chris_Bedia   21 civ  1  1  1 18 30 100 820 820  30   0   0    0   0   0   0   0   0   0   0   0   0   0   0 100 (lib)
Divock_Origi  21 bel  1  1 17 19 30 100 580 742 717   0   0    0   0   0   0   0   0   0   0   0   0   0   0 100 (liv)
G_Pereiro     21 uru  1  1 17 19 30 100 444 790 518   0   0    0   0   0   0   0   0   0   0   0   0   0   0 100 (psv)
H_Lozano      21 mex  1  1 17 19 30 100 696 881 502   0   0    0   0   0   0   0   0   0   0   0   0   0   0 100 (rom)
James_Wilson  21 eng  1  1  1 18 30 100 832 820 267   0   0    0   0   0   0   0   0   0   0   0   0   0   0 100 (lib)
Jordon_Ibe    21 eng  1  1 15 18 30 100 820 820 501   0   0    0   0   0   0   0   0   0   0   0   0   0   0 100 (lib)
M_El_Haddadi  21 esp  1  1 17 18 30 100  83 311 511   0   0    0   0   0   0   0   0   0   0   0   0   0   0 100 (val)
M_Ingvartsen  21 den  1  1  1 18 30 100 820 820 420   0   0    0   0   0   0   0   0   0   0   0   0   0   0 100 (lib)
M_Stepinski   21 pol  1  1  1 18 30 100 832 820 461   0   0    0   0   0   0   0   0   0   0   0   0   0   0 100 (lib)
Marko_Pjaca   21 cro  1  1 16 18 30 100 366 442 991   0   0    0   0   0   0   0   0   0   0   0   0   0   0 100 (s04)
N_Mihajlovic  21 srb  1  1 16 18 30 100 820 820 550   0   0    0   0   0   0   0   0   0   0   0   0   0   0 100 (lib)
Obbi_Oulare   21 bel  1  1  1 18 30 100 820 820 200   0   0    0   0   0   0   0   0   0   0   0   0   0   0 100 (lib)
Omar_Islas    21 mex  1  1 15 17 30 100 820 834 401   0   0    0   0   0   0   0   0   0   0   0   0   0   0 100 (lib)
S_Plavsic     21 srb  1  1 17 18 30 100 820 820 680   0   0    0   0   0   0   0   0   0   0   0   0   0   0 100 (lib)
Sandro        21 esp  1  1  1 19 30 100 450 464  70   0   0    0   0   0   0   0   0   0   0   0   0   0   0 100 (s04)
Santi_Mina    21 esp  1  1 16 19 30 100  86 349 541   0   0    0   0   0   0   0   0   0   0   0   0   0   0 100 (val)
Santos_Borré  21 col  1  1  1 19 30 100 526 646   1   0   0    0   0   0   0   0   0   0   0   0   0   0   0 100 (vil)
Stipe_Perica  21 cro  1  1  1 18 30 100 818 818 718   0   0    0   0   0   0   0   0   0   0   0   0   0   0 100 (lib)
Theo_Bongonda 21 bel  1  1 16 19 30 100 820 820 560   0   0    0   0   0   0   0   0   0   0   0   0   0   0 100 (lib)
Timo_Werner   21 ger  1  1  1 19 30 100 578 705 634   0   0    0   0   0   0   0   0   0   0   0   0   0   0 100 (rma)
Z_Bakkali     21 bel  1  1 16 19 30 100  64 223  30   0   0    0   0   0   0   0   0   0   0   0   0   0   0 100 (val)
A_Armstrong   20 eng  1  1  1 18 30 100 820 820 105   0   0    0   0   0   0   0   0   0   0   0   0   0   0 100 (lib)
A_Donis       20 gre  1  1  1 18 30 100 704 668 248   0   0    0   0   0   0   0   0   0   0   0   0   0   0 100 (nic)
A_Zivkovic    20 srb  1  1 16 19 30 100 582 788 483   0   0    0   0   0   0   0   0   0   0   0   0   0   0 100 (slb)
Adam_Ounas    20 alg  1  1 15 18 30 100 820 820 610   0   0    0   0   0   0   0   0   0   0   0   0   0   0 100 (lib)
Albian_Ajeti  20 sui  1  1  1 17 30 100 820 820 970   0   0    0   0   0   0   0   0   0   0   0   0   0   0 100 (lib)
Alex_Iwobi    20 nga  1  1 16 18 30 100 578 740 999   0   0    0   0   0   0   0   0   0   0   0   0   0   0 100 (ars)
Beto_da_Silva 20 per  1  1  1 17 30 100 820 820 900   0   0    0   0   0   0   0   0   0   0   0   0   0   0 100 (lib)
Breel_Embolo  20 sui  1  1 17 19 30 100  82 221 337   0   0    0   0   0   0   0   0   0   0   0   0   0   0 100 (bmu)
D_C-Lewin     20 eng  1  1  1 16 30 100  90  90 735   0   0    0   0   0   0   0   0   0   0   0   0   0   0 100 (eve)
Daniele_Verde 20 ita  1  1 15 18 30 100 820 820 350   0   0    0   0   0   0   0   0   0   0   0   0   0   0 100 (lib)
David_Neres   20 bra  1  1 15 18 30 100 460 481 256   0   0    0   0   0   0   0   0   0   0   0   0   0   0 100 (lib)
Diego_Barrón  20 mex  1  1  1 17 30 100 820 820 311   0   0    0   0   0   0   0   0   0   0   0   0   0   0 100 (lib)
Diogo_Jota    20 por  1  1  1 19 30 100 396 396 234   0   0    0   0   0   0   0   0   0   0   0   0   0   0 100 (sev)
G_Guedes      20 por  1  1 17 19 30 100 526 846 403   0   0    0   0   0   0   0   0   0   0   0   0   0   0 100 (psg)
G_Simeone     20 arg  1  1 12 19 30 100 756 731   8   0   0    0   0   0   0   0   0   0   0   0   0   0   0 100 (int)
Gabriel_B     20 bra  1  1 16 19 30 100 474 574 583   0   0    0   0   0   0   0   0   0   0   0   0   0   0 100 (int)
Gaëtan_Perrin 20 fra  1  1  1 16 30 100  80  80 947   0   0    0   0   0   0   0   0   0   0   0   0   0   0 100 (lyo)
H_Onyekuru    20 nga  1  1 17 19 30 100 820 820 130   0   0    0   0   0   0   0   0   0   0   0   0   0   0 100 (lib)
Ivan_Saponjic 20 srb  1  1  1 18 30 100 820 820 160   0   0    0   0   0   0   0   0   0   0   0   0   0   0 100 (lib)
Jean-A_Drolé  20 civ  1  1 15 17 30 100 820 820 240   0   0    0   0   0   0   0   0   0   0   0   0   0   0 100 (lib)
K_Coman       20 fra  1  1 17 20 30 100 384 550 325   0   0    0   0   0   0   0   0   0   0   0   0   0   0 100 (s04)
K_Iheanacho   20 nga  1  1  1 19 30 100 578 705 287   0   0    0   0   0   0   0   0   0   0   0   0   0   0 100 (mci)
Kevin_Quevedo 20 per  1  1 16 17 30 100 820 820 720   0   0    0   0   0   0   0   0   0   0   0   0   0   0 100 (lib)
M_Dembélé     20 fra  1  1  1 18 30 100 820 820 740   0   0    0   0   0   0   0   0   0   0   0   0   0   0 100 (lib)
M_Scepovic    20 srb  1  1  1 18 30 100 820 820 550   0   0    0   0   0   0   0   0   0   0   0   0   0   0 100 (lib)
Malcom        20 bra  1  1 16 19 30 100 820 820 580   0   0    0   0   0   0   0   0   0   0   0   0   0   0 100 (lib)
Maxwel_Cornet 20 fra  1  1 17 18 30 100  76 127 839   0   0    0   0   0   0   0   0   0   0   0   0   0   0 100 (lyo)
Pelle_Clement 20 ned  1  1 14 17 30 100 820 834 645   0   0    0   0   0   0   0   0   0   0   0   0   0   0 100 (lib)
R_Orsolini    20 ita  1  1 16 17 30 100 820 820 970   0   0    0   0   0   0   0   0   0   0   0   0   0   0 100 (lib)
S_Schrijvers  20 bel  1  1  1 18 30 100 820 820 610   0   0    0   0   0   0   0   0   0   0   0   0   0   0 100 (lib)
A_L_Iseka     19 bel  1  1  1 17 30 100  60  67 355   0   0    0   0   0   0   0   0   0   0   0   0   0   0 100 (oma)
A_Lookman     19 eng  1  1 14 16 30 100  96 103 942   0   0    0   0   0   0   0   0   0   0   0   0   0   0 100 (eve)
Bassem_Srarfi 19 tun  1  1 14 17 30 100 640 700 303   0   0    0   0   0   0   0   0   0   0   0   0   0   0 100 (psg)
Borja_Mayoral 19 esp  1  1  1 18 30 100 820 820 740   0   0    0   0   0   0   0   0   0   0   0   0   0   0 100 (lib)
E_Ponce       19 arg  1  1 11 18 30 100 820 820 615   0   0    0   0   0   0   0   0   0   0   0   0   0   0 100 (lib)
Emre_Mor      19 tur  1  1 16 18 30 100 698 594 510   0   0    0   0   0   0   0   0   0   0   0   0   0   0 100 (bdo)
Gabriel_Jesus 19 bra  1  1 11 19 30 100 544 714 675   0   0    0   0   0   0   0   0   0   0   0   0   0   0 100 (s04)
Ismaïla_Sarr  19 sen  1  1 16 18 30 100 820 820 220   0   0    0   0   0   0   0   0   0   0   0   0   0   0 100 (lib)
J-K_Augustin  19 fra  1  1  1 18 30 100 568 722 655   0   0    0   0   0   0   0   0   0   0   0   0   0   0 100 (psg)
J-P_Mateta    19 fra  1  1  1 16 30 100 100 100 600   0   0    0   0   0   0   0   0   0   0   0   0   0   0 100 (lyo)
K_Dolberg     19 den  1  1  1 18 30 100  68  95 895   0   0    0   0   0   0   0   0   0   0   0   0   0   0 100 (ajx)
L_Nany_Dimata 19 bel  1  1  1 18 30 100 820 820 220   0   0    0   0   0   0   0   0   0   0   0   0   0   0 100 (lib)
Leon_Bailey   19 jam  1  1 17 19 30 100 690 801 829   0   0    0   0   0   0   0   0   0   0   0   0   0   0 100 (rom)
Luka_Jovic    19 srb  1  1  1 18 30 100 820 820 290   0   0    0   0   0   0   0   0   0   0   0   0   0   0 100 (lib)
M_Cassierra   19 col  1  1  1 17 30 100 438 438 789   0   0    0   0   0   0   0   0   0   0   0   0   0   0 100 (lib)
M_Oyarzabal   19 esp  1  1 17 19 30 100 608 766 975   0   0    0   0   0   0   0   0   0   0   0   0   0   0 100 (nic)
M_Rashford    19 eng  1  1  1 20 30 100 706 562  50   0   0    0   0   0   0   0   0   0   0   0   0   0   0 100 (mun)
O_Dembélé     19 fra  1  1 18 20 30 100 690 782 997   0   0    0   0   0   0   0   0   0   0   0   0   0   0 100 (bdo)
P_Cutrone     19 ita  1  1  1 17 30 100 688 628 496   0   0    0   0   0   0   0   0   0   0   0   0   0   0 100 (int)
Paolo_Yrizar  19 mex  1  1  1 17 30 100 820 820 311   0   0    0   0   0   0   0   0   0   0   0   0   0   0 100 (lib)
S_Bergwijn    19 ned  1  1 15 18 30 100 466 644 154   0   0    0   0   0   0   0   0   0   0   0   0   0   0 100 (psv)
Sam_Lammers   19 ned  1  1  1 17 30 100 480 582 617   0   0    0   0   0   0   0   0   0   0   0   0   0   0 100 (psv)
V_Marcel      19 fra  1  1 15 17 30 100 698 705 372   0   0    0   0   0   0   0   0   0   0   0   0   0   0 100 (lib)
Vaclav_Cerny  19 cze  1  1 15 18 30 100 700 594 352   0   0    0   0   0   0   0   0   0   0   0   0   0   0 100 (bdo)
C_Pulisic     18 usa  1  1 16 19 30 100 660 549 342   0   0    0   0   0   0   0   0   0   0   0   0   0   0 100 (bdo)
Kylian_Mbappé 18 fra  1  1 12 19 30 100 534 744 922   0   0    0   0   0   0   0   0   0   0   0   0   0   0 100 (asm)
L_Martínez    18 arg  1  1  1 18 30 100  76  64  37   0   0    0   0   0   0   0   0   0   0   0   0   0   0 100 (ajx)
A_Isak        17 swe  1  1  1 17 30 100 100  95 836   0   0    0   0   0   0   0   0   0   0   0   0   0   0 100 (ajx)
A_Pinamonti   17 ita  1  1  1 17 30 100 480 407  90   0   0    0   0   0   0   0   0   0   0   0   0   0   0 100 (int)
J_Kluivert    17 ned  1  1 15 17 30 100  88 146 812   0   0    0   0   0   0   0   0   0   0   0   0   0   0 100 (ajx)
