140 280 420 560 700 840
120 240 360 480 600 720
90 180 270 360 450 540
50 100 150 200 250 300
0 40 80 120 160 200
-200 -160 -120 -80 -40 0
-240 -200 -160 -120 -80 -40

130 260 390 520 650 780
110 220 330 440 550 660
80 160 240 320 400 480
40 80 120 160 200 240
-10 30 70 110 150 190
-285 -245 -205 -165 -125 -85
-325 -285 -245 -205 -165 -125

120 240 360 480 600 720
100 200 300 400 500 600
70 140 210 280 350 420
30 60 90 120 150 180
-20 20 60 100 140 180
-380 -340 -300 -260 -220 -180
-420 -380 -340 -300 -260 -220

110 220 330 440 550 660
90 180 270 360 450 540
60 120 180 240 300 360
20 50 80 110 140 170
-30 0 30 60 90 120
-450 -410 -370 -330 -290 -250
-490 -450 -410 -370 -330 -290

100 200 300 400 500 600
80 160 240 320 400 480
50 100 150 200 250 300
10 40 70 100 130 160
-40 0 30 60 90 120
-500 -460 -420 -380 -340 -300
-540 -500 -460 -420 -380 -340

90 180 270 360 450 540
70 140 210 280 350 420
40 80 120 160 200 240
0 30 60 90 120 150
-50 0 30 60 90 120
-550 -510 -470 -430 -390 -350
-590 -550 -510 -470 -430 -390

80 160 240 320 400 480
60 120 180 240 300 360
30 60 90 120 150 180
-10 20 50 80 110 140
-60 -10 20 50 80 110
-600 -560 -520 -480 -440 -400
-640 -600 -560 -520 -480 -440

70 140 210 280 350 420
50 100 150 200 250 300
20 40 60 80 100 120
-20 10 30 60 80 110
-70 -20 10 40 70 100
-650 -610 -570 -530 -490 -450
-690 -650 -610 -570 -530 -490

60 120 180 240 300 360
40 80 120 160 200 240
0 30 60 90 120 150
-40 0 30 60 90 120
-90 -40 -10 20 50 80
-700 -660 -620 -580 -540 -500
-740 -700 -660 -620 -580 -540

50 100 150 200 250 300
30 60 90 120 150 180
0 20 40 60 80 100
-60 -20 10 40 70 100
-110 -60 -30 0 30 60
-750 -710 -670 -630 -590 -550
-790 -750 -710 -670 -630 -590

40 80 120 160 200 240
20 40 60 80 100 120
0 20 40 60 70 80
-80 -40 0 20 40 80
-130 -80 -50 -20 0 40
-800 -760 -710 -680 -650 -600
-840 -800 -760 -710 -680 -650