Name         Age Nat St Tk Ps Sh Ag KAb TAb PAb SAb Gam Sub  Min Mom Sav Con Ktk Kps Sht Gls Ass  DP Inj Sus Fit
----------------------------------------------------------------------------------------------------------------
Javi_Martínez 28 esp  1 21 19  1 30 100 289 511 680  44   2 3970   3   0   0  48  89  12   0  12  11   0   0  93
Philipp_Lahm  33 ger  1 22 19  6 30  93 280 192 749  49   2 3888   1   0   1  57  61  30   5   6  20   3   0 100
L_Piszczek    31 pol  1 21 10  5 30 100 154 970 768  35   0 3262   1   0   0  66  47  21   1   4   2   0   0 100
David_Alaba   24 aut  1 21 19  6 30 100 747 106 726  54   1 4040   4   0   0  56  46  30   4   6  13   0   0 100
H_Bellerín    22 esp  1 20 12  6 30 100 362  25 897  44   5 3816   1   0   0  58  44  23   6   2   2   0   0  93
C_Ansaldi     30 arg  1 20 11  6 30 100 276 885 682  46   3 4051   2   0   0  50  50  25   5   7   5   0   0  98
N_Clyne       25 eng  1 20 12  6 30 100 616  49 758  45   2 3899   0   0   0  50  51  20   2   2  14   0   0 100
L_Baines      32 eng  1 20 11  6 30 100 385 350 103  39   2 3222   1   0   0  55  38  14   1   2   3   0   0  93
Jaume_Costa   29 esp  1 20 11  6 30 100  73 948 816  39   4 3450   1   0   0  54  32  21   3   2   3   0   0 100
P_Zabaleta    32 arg  1 20 11  7 30 110 470 941 873  46   2 4005   3   1   0  54  30  28   5   4   7   0   0  83
Jetro_Willems 23 ned  1 19 11  5 30 100 482 852 576  37   1 3294   0   0   0  46  41  14   1   2   5   0   0 100
Mario_Gaspar  26 esp  1 20 11  6 30 100 464 954 751  34   0 3036   3   0   0  52  32  16   1   3   5   0   0 100
M_De_Sciglio  24 ita  1 19 11  5 30 100 761 937 622  36   3 3348   2   0   0  53  29  19   1   4   3   0   0 100
Patrice_Evra  35 fra  1 20 10  5 30 100 279 225 171  43   2 2998   2   0   0  61  17  14   3   3   2   0   0 100
R_Rodríguez   24 sui  1 20 11  6 30 100 698 919 647  46   0 4248   3   0   0  46  39  27   1   0  12   0   0  96
Marcelo       28 bra  1 21 13  6 30 100 376  34 847  32   1 2821   2   0   0  41  40  20   5   5  13   0   0 100
Danny_Rose    26 eng  1 20 10  6 30 100 614 774 789  43   3 3523   0   0   0  54  24  24   3   4  12   0   0 100
Filipe_Luís   31 bra  1 21 12  6 30 100 334 988 760  39   1 3381   1   0   0  45  37  17   1   3   8   0   0 100
Kyle_Walker   26 eng  1 20 11  6 30 100 798 763 779  39   2 3408   1   0   0  53  26  23   2   2   7   0   1 100
Jordi_Alba    28 esp  1 21 13  6 30 100 440  22 793  43   4 3726   0   0   0  43  37  23   2   5   8   0   0 100
D_Carvajal    24 esp  1 20 11  6 30 100 977 930 765  37   1 3368   1   0   0  47  34  24   1   1   4   0   0 100
C_Azpilicueta 27 esp  1 20 10  5 30 100 205 355 166  33   2 2821   1   0   0  41  39  14   2   1  14   0   0 100
José_Ángel    27 esp  1 19 12  5 30 100 120   4 738  30   8 2367   3   0   0  42  34  11   1   4   7   0   0 100
Lichtsteiner  33 sui  1 20 11  7 30 100 879 842 753  41   2 3308   4   0   0  43  30  18   3   2  10   0   0 100
Ömer_Toprak   27 tur  1 21  1  1 30 100  97 614 684  30   1 2626   1   0   0  62   6   4   0   1   9   0   0 100
Alex_Sandro   26 bra  1 20 11  7 30 100 798 903 798  32   0 2917   3   0   0  29  47  22   3   2   8   0   0 100
A_Moreno      24 esp  1 19 11  4 30 100 861 934 722  39   2 3346   3   0   0  40  32  11   1   2   5   0   0 100
B_Trémoulinas 31 fra  1 19 11  6 30 100 787 403 105  29   0 2711   4   0   0  36  34  11   0   5   5   0   0 100
Juan_Bernat   24 esp  1 19 11  5 30 100 946 933 801  31   3 2821   2   0   0  41  27  14   3   3   3   0   0  93
A_Romagnoli   22 ita  1 20  1  1 30 100 356 694 611  42   2 3898   0   0   0  61   3   8   1   0  11   0   0 100
Ó_de_Marcos   27 esp  1 20 11  6 30 100 307 953 763  37   2 3330   1   0   0  36  33  15   2   3   9   0   0 100
J_L_Gayà      21 esp  1 19 11  5 30 100 271 413 198  29   3 2620   2   0   0  34  33  13   3   6   4   0   0 100
L_Kurzawa     24 fra  1 20 11  6 30 100 121 936 817  32   3 2825   1   0   0  36  31  17   4   4  11   0   0 100
Mats_Hummels  28 ger  1 22  1  1 30  79 153 680 594  55   9 4173   0   1   3  57   6   8   0   0  11   0   0  83
T_Meunier     25 bel  1 19 11  6 30 100 886 916 730  31   5 2603   2   0   0  40  25  12   1   4   7   0   0 100
N_Otamendi    29 arg  1 21  1  1 30 100  74 654 673  47   3 4131   0   0   0  57   5   8   1   0  18   0   3 100
V_Kompany     30 bel  1 21  1  1 30 100 475 667 671  44   1 3492   0   0   0  60   1   3   0   0  15   0   0 100
M_Darmian     27 ita  1 20 10  6 30 100 321 739 705  35   1 3203   1   0   0  43  22  15   0   2  10   0   0 100
M_Schmelzer   29 ger  1 20 11  7 30 100 348 754 820  29   1 2615   0   0   0  41  24  19   3   1   2   0   0 100
Bacary_Sagna  34 fra  1 20 11  6 30 100 309 897 744  33   2 2722   1   0   0  35  31  10   2   1  10   0   0 100
S_Mustafi     24 ger  1 21  1  1 30 100 148 684 617  46   6 4024   0   0   0  57   3   5   0   0   6   0   0  90
Joshua_Brenet 23 ned  1 19 11  5 30 100  41 740 662  35   7 2857   1   0   0  41  21  14   3   3   6   0   0 100
Thiago_Silva  32 bra  1 22  1  1 30 100 386 705 607  39   0 3428   0   0   0  54   6   7   0   1  16   0   0 100
Luke_Shaw     21 eng  1 20 12  6 30 100 332  31 686  37   9 2893   2   0   0  34  28  22   2   7   3   0   0 100
D_Sánchez     20 col  1 19  1  1 30 100 964 534 667  44   8 3285   1   0   0  58   1   3   0   0   4   0   0 100
Maxi_Pereira  32 uru  1 19 11  5 30 100 329 369 127  35   8 2756   0   0   0  33  31  10   1   4  14   0   0 100
Miguel_Layún  28 mex  1 20 11  7 30 100 126 583 350  47   6 3051   0   0   0  36  29   9   1   1   5   0   0 100
Ben_Davies    23 wal  1 19  9  5 30 100 814 620 723  39  11 2792   1   0   0  42  20  13   4   1   5   0   0 100
Víctor_Ruiz   28 esp  1 20  1  1 30 100 677 645 634  35   1 2875   2   0   0  56   3   6   0   0  18   0   0 100
João_Cancelo  22 por  1 19 11  5 30 100 235 321 109  28   1 2582   0   0   0  32  33  14   1   2  10   0   0 100
A_Valencia    31 ecu  1 20 11  6 30 100 616 795 727  28   2 2332   0   0   0  34  31   8   1   1   6   0   0 100
Serge_Aurier  24 civ  1 20 11  7 30 100 487 905 772  28   2 2531   1   0   0  35  27  22   2   3   7   0   0 100
Henri_Bedimo  32 cmr  1 18  9  5 30 100 666 289 108  33   6 2738   2   0   0  39  23   8   0   2   1   0   0 100
R_Guerreiro   23 por  1 20 10  5 30 100  32 686 587  25   1 2242   0   0   0  33  30  10   1   2   2   0   0 100
Sergio_Ramos  30 esp  1 22  1  1 30 100 382 682 687  37   0 3269   0   0   0  56   1   3   0   0   5   0   0 100
Ignazio_Abate 30 ita  1 19 11  5 30 100 661 927 674  30   1 2531   2   0   0  29  35  17   3   1  19   0   0 100
D_Criscito    30 ita  1 19 11  5 30 100 991 763 779  32   4 2716   2   0   0  39  20  17   2   4   6   0   0 100
Nélson_Semedo 23 por  1 19 11  5 30 100 705 794 686  29   0 2742   4   0   0  33  28  14   4   3   1   0   0 100
J_Vertonghen  29 bel  1 20  1  1 30 100 971 524 644  43   1 3672   2   0   0  55   2   6   0   0  10   0   0 100
Davide_Santon 26 ita  1 19 11  5 30 100 244 601 577  30   1 2618   2   0   0  33  29  16   3   2  11   0   0 100
T_Hernández   19 fra  1 18  9  5 30 100 962 591 338  23   0 2174   3   0   0  39  21   6   0   3   3   0   0 100
Kenny_Tete    21 ned  1 19  9  5 30 100 369 977 760  31   0 2833   1   0   0  32  29  13   1   4   3   0   0 100
C_Fuchs       30 aut  1 19  9  5 30 100  27 279 132  34   5 2944   2   0   0  36  25  15   1   2   3   0   0 100
S_Coleman     28 irl  1 19 11  7 30 100 988 193  93  30   1 2802   0   0   0  38  23  12   1   0   4   0   0 100
Jérémy_Morel  32 fra  1 18 11  5 30 100 681 272 140  31   3 2780   1   0   0  38  20  15   1   3   4   0   0 100
S_Arias       25 col  1 19 11  5 30 100 147 737 560  35   2 3098   0   0   0  33  26  12   1   3  15   0   0 100
A_Kolarov     31 srb  1 20 10  6 30 100 127 869 813  36   9 2743   1   0   0  36  22  18   3   2   5   0   0 100
D_Sidibé      24 fra  1 20 11  7 30  86 146 834 739  34   1 3009   4   0   2  35  24  19   2   1  12   0   0 100
Dani_Alves    33 bra  1 20 11  5 30 100 899 812 654  26   2 2194   2   0   0  37  21   4   0   2  18   0   0 100
Bruno_Peres   27 bra  1 19 11  4 30 100 373 300 132  25   3 2190   2   0   0  36  20  11   1   4   5   0   0 100
M_Montoya     25 esp  1 18 11  5 30 100 928 330 195  27   4 2392   0   0   0  29  30  12   3   2   5   0   0 100
Marquinhos    22 bra  1 20  1  1 30 100 850 668 665  32   0 2787   1   0   0  51   3   5   0   0  19   0   0 100
A_Grimaldo    21 esp  1 19 11  5 30 100 570 971 717  30   0 2879   1   0   0  28  31  15   0   4   3   0   0 100
Atsuto_Uchida 29 jpn  1 19 10  5 30 100 362 876 645  26   0 2348   0   0   0  35  22   9   2   2   4   0   0 100
V_van_Dijk    25 ned  1 20  1  1 30 100 792 524 649  36   1 3054   0   0   0  52   1   3   0   0  19   0   0 100
Hugo_Mallo    25 esp  1 19 11  6 30 100 607 265 111  29   0 2447   0   0   0  36  20  13   0   3  10   0   0 100
Coke          29 esp  1 19 11  6 30 100 614 303 199  28   0 2663   0   0   0  34  21  17   2   3   2   0   0 100
Alderweireld  28 bel  1 21  1  1 30 100 388 531 683  45   1 3628   0   0   0  50   2   5   1   0  14   0   0 100
Rafael_P      26 bra  1 19 11  5 30 100 351 266 174  28   1 2470   1   0   0  30  28  14   2   0  10   0   0 100
E_Mangala     26 fra  1 19  1  1 30  86 517  89  89  32   2 2694   0   0   2  49   3   5   0   0  11   0   0 100
O_Boscagli    19 fra  1 17  9  4 30 100 929 231  92  26   2 2288   0   0   0  33  24   8   0   0   6   0   0 100
Juanfran      32 esp  1 20 11  6 30 100 523 840 701  27   2 2418   1   0   0  32  23  17   0   2   8   0   0 100
Gary_Cahill   31 eng  1 20  1  1 30 100 349  87  87  34   0 3100   0   0   0  49   1   3   0   0   5   0   0 100
Iñigo_Mtnez   25 esp  1 20  1  1 30 100 233 365 283  41   4 3557   2   0   0  46   5   5   0   0   5   0   0  98
L_Koscielny   31 fra  1 21  1  1 30  90 306 680 696  43   0 3682   0   0   0  47   2   9   1   1   2   0   0 100
Elseid_Hysaj  23 alb  1 19  9  5 30 100 796 820 695  24   2 2080   0   0   0  27  27  11   0   4   7   0   0 100
Naldo         34 bra  1 20  1  1 30 100 249  68  49  31   2 2725   0   0   0  47   2   1   0   1   8   0   0 100
B_Mendy       22 fra  1 19 11  5 30 100 481 889 723  32   2 2867   3   0   0  27  29  13   0   0   2   0   0 100
Dejan_Lovren  27 cro  1 20  1  1 30 100 597 687 722  46   3 3756   0   0   0  45   3   8   2   1  12   0   0 100
Eric_Bailly   22 civ  1 20  1  1 30 100 851 585 677  35   3 2734   0   0   0  42   7   4   1   1  12   0   0 100
Gerard_Piqué  30 esp  1 21  1  1 30 100 783 689 728  47   4 3946   0   0   0  45   3  11   1   0  11   0   0 100
Sven_Bender   27 ger  1 20  1  1 30 100 464 601 699  24   0 2240   0   0   0  41   7   6   1   1   4   0   0 100
F_Passlack    18 ger  1 17  9  4 30 100 602 197  92  22   0 2092   1   0   0  31  21   5   1   0   5   0   0 100
André_Almeida 26 por  1 19  9  5 30 100 322 777 718  28   1 2618   1   0   0  35  15   9   1   0   9   0   0 100
E_Garay       30 arg  1 20  1  1 30 100 231  73  55  46   0 3345   0   0   0  44   3   3   0   0   9   0   0 100
Daley_Blind   27 ned  1 19 10  6 30 100 742 256 145  29   4 2491   0   0   0  27  24  16   1   1   6   0   0 100
A_Dragovic    26 aut  1 20  1  1 30 100  77 571 703  34   3 2693   1   0   0  43   3   4   1   0  10   0   0 100
Kevin_Wimmer  24 aut  1 19  1  1 30 100 830 584 716  34   9 2645   0   0   0  42   4   3   1   0   7   0   0 100
Rafinha       31 bra  1 19  9  5 30 100 135 260 153  24   7 1906   1   0   0  30  18  10   1   2   3   0   0 100
Marcos_Alonso 26 esp  1 19 11  6 30 100 758 806 733  23   1 2062   0   0   0  21  30  12   1   2   2   0   0 100
D_D'Ambrosio  28 ita  1 19  9  5 30 100  10 561 529  27   1 2511   0   0   0  28  21  10   1   1   3   0   0 100
Héctor_Moreno 29 mex  1 20  1  1 30 100  57 528 554  41   1 3451   0   0   0  42   3   6   1   0   9   0   0 100
M_Musacchio   26 arg  1 20  1  1 30 100 717 725 717  42   3 3884   0   0   0  41   3   6   1   2   3   0   0  88
Lucas_Digne   23 fra  1 19 11  5 30 100 748 884 799  27   2 2261   1   0   0  27  20  12   3   3   8   0   0 100
Yuto_Nagatomo 30 jpn  1 19 11  6 30 100   1 585 483  25   1 2333   1   0   0  29  19  13   2   1   9   0   0 100
Danny_Simpson 30 eng  1 18  7  4 30 100 699 212  96  28   6 2382   0   0   0  30  19   4   0   0   3   0   0 100
Kamil_Glik    29 pol  1 20  1  1 30 100 900 666 639  41   1 3291   0   0   0  41   4   1   0   0  16   0   0 100
Jonathan_Tah  21 ger  1 20  1  1 30 125 776 604 709  32   1 2802   0   6   5  40   4   4   1   1   7   0   0 100
R_Hilbert     32 ger  1 19 11  5 30 100  58 798 709  28  25 1223   0   0   0  24  24   7   0   3   0   0   0 100
Emerson       22 bra  1 18 11  5 30 100 989 536 450  23   4 1760   1   0   0  28  19  17   1   2   6   0   0 100
B_Henrichs    20 ger  1 19 11  5 30 100 263 771 707  25   2 1898   0   0   0  27  19   9   0   4   1   0   0 100
Isimat-Mirin  25 fra  1 19  1  1 30 100 158 521 511  33   1 2931   0   0   0  41   3   2   0   0  15   0   0 100
Wendell       23 bra  1 19 11  5 30 100 578 734 675  24   2 1882   0   0   0  23  26   7   0   1   4   0   0 100
Pedro_Pereira 19 por  1 17  9  4 30 100 574 230 137  22   2 1955   0   0   0  27  20  10   1   1  10   0   0 100
José_Giménez  22 uru  1 20  1  1 30 100 699 675 643  35   2 3132   0   0   0  39   5   3   0   0  15   0   0 100
J_Boateng     28 ger  1 22  1  1 30 100 251 695 566  52   8 4022   1   0   0  38   5   9   1   1  15   0   3  84
Joël_Veltman  25 ned  1 19  9  5 30 100  68 285 165  17   1 1491   1   0   0  26  19   7   2   3   4   0   0 100
Mário_Rui     25 por  1 19 11  5 30 100  69 223 121  20   1 1538   2   0   0  26  21   8   1   0   2   0   0 100
G_Siqueira    30 bra  1 18 11  5 30 100 780 271 166  30  12 2203   0   0   0  22  25  12   2   1   7   0   0 100
N_Maksimovic  25 srb  1 19  1  1 30 100 679  73  71  30   0 2138   1   0   0  40   2   3   0   0   3   0   0 100
Diego_Godín   31 uru  1 21  1  1 30 100 896 660 671  40   2 3208   0   0   0  40   2   5   0   0  17   0   0 100
Marcos_Rojo   27 arg  1 20  1  1 30 100 839 555 687  41   5 3193   0   0   0  39   2   5   0   0   7   0   0  88
G_Paletta     31 ita  1 20  1  1 30 100 197 610 485  30   0 2837   0   0   0  37   4   7   0   0   9   0   0 100
Malang_Sarr   18 fra  1 18  1  1 30 100 602  80 102  23   0 2185   0   0   0  38   2   3   1   0   2   0   0 100
Jemerson      24 bra  1 19  1  1 30 100 797 655 659  34   4 2952   0   0   0  39   1   3   0   0   6   0   0 100
J_Murillo     24 col  1 19  1  1 30 100 993 391 507  34   2 3105   0   0   0  38   2   4   1   0   9   0   0 100
Joel_Matip    25 cmr  1 20  1  1 30 100 725 711 686  43   2 3135   0   0   0  36   5   2   0   0   7   0   0 100
Jorge         21 bra  1 18 10  5 30 100 526 798 709  25   3 1903   0   0   0  24  20   6   1   0  11   0   0 100
Kieran_Gibbs  27 eng  1 19 11  5 30  82 767 811 680  32   8 2487   1   1   4  28  13   8   0   3  15   0   0 100
Gustavo_Gómez 23 par  1 19  1  1 30 100 373 689 685  29   4 2576   0   0   0  37   3   5   0   0   6   0   0 100
Maxwell       35 bra  1 19  9  5 30 100 733 795 718  26   3 2419   1   0   0  25  19  16   0   0   4   0   0 100
Sokratis      28 gre  1 21  1  1 30 100 322 583 681  24   0 2287   1   0   0  36   4   1   0   0   5   0   0 100
A_Rahman_Baba 22 gha  1 18 11  5 30 100 864 223  74  24   1 1964   0   0   0  25  17   6   0   2   8   0   0 100
Kenedy        21 bra  1 18  9  4 30 100 177 267 167  23   0 2184   1   0   0  24  17   9   2   3   6   0   0 100
Iván_Marcano  29 esp  1 20  1  1 30 100 279 558 700  31   6 2400   0   0   0  37   2   7   1   0  13   0   0 100
Phil_Jagielka 34 eng  1 19  1  1 30 100 633  93 116  30   2 2816   1   0   0  37   2   3   1   0   3   0   0 100
Danilo        25 bra  1 19 11  5 30 100 568 941 791  22   5 1699   3   0   0  15  29  19   2   3   6   0   0 100
Jorge_Meré    19 esp  1 19  1  1 30 100 129  48  39  23   0 2013   0   0   0  37   2   1   0   0   8   0   0 100
Samuel_Umtiti 23 fra  1 20  1  1 30 100 453 702 715  24   3 2162   0   0   0  37   2   7   0   0   1   0   0 100
Hiroki_Sakai  26 jpn  1 18 11  5 30 100 466 225 150  30   9 2214   1   0   0  25  17  11   1   1   7   0   0 100
Nacho_F       26 esp  1 19  1  1 30 100 584  93  80  28   0 2472   1   0   0  36   3   4   0   0  14   1   0 100
John_Terry    36 eng  1 19  1  1 30 100 801  91 131  27   1 2468   0   0   0  37   1   6   1   0   3   0   0 100
Rolando       31 por  1 18  1  1 30 100 860  88  61  33   2 3025   3   0   0  35   4   1   0   0  10   0   0 100
Ragnar_Klavan 31 est  1 19  1  1 30 100 608 705 671  39  10 3017   0   0   0  34   5   1   0   0   5   0   0 100
Miranda       32 bra  1 21  1  1 30 100 328 418 460  39   5 3352   0   0   0  34   4   2   0   1   5   0   0 100
R_Pereira     23 por  1 19 11  6 30 100 608 672 463  21   1 1867   0   0   0  24  16   4   1   2  10   0   0 100
Wes_Morgan    33 jam  1 19  1  1 30 100  80  90  80  26   0 2391   0   0   0  35   3   2   0   0   3   0   0 100
Maciej_Rybus  27 pol  1 18  9  5 30 100 538 146  95  28   3 2428   1   0   0  28  12  13   0   0   9   0   0 100
Robert_Huth   32 ger  1 19  1  1 30 100 251  66  81  29   1 2684   3   0   0  37   0   3   0   0   7   0   0 100
L_Antonelli   30 ita  1 19 11  5 30 100 595 777 645  19   1 1730   1   0   0  23  17   3   0   1   1   0   0 100
M_Debuchy     31 fra  1 19 11  5 30 100 149 217 110  22   0 1928   0   0   0  22  19   6   0   0   8   0   0 100
A_Williams    32 wal  1 20  1  1 30 100  55  66  71  39   0 3330   0   0   0  33   4   4   1   0   6   0   0 100
Molla_Wague   26 mli  1 18  1  1 30 100 898 386 387  26   2 2372   1   0   0  36   0   1   0   0   2   0   0 100
K_Manolas     25 gre  1 20  1  1 30 100 398 103  82  29   3 2567   1   0   0  34   2   4   0   1   8   0   0 100
L_Bonucci     29 ita  1 21  1  1 30 100 699 649 648  30   0 2718   2   0   0  33   3   4   0   1   2   0   0 100
R_Varane      23 fra  1 20  1  1 30 100 802 698 693  33   2 2918   0   0   0  34   2   5   0   0   3   0   0 100
C_C-Vickers   19 usa  1 17  1  1 30 100 476  81  70  22   0 2090   0   0   0  33   3   2   0   0   0   0   0 100
Adil_Rami     31 fra  1 19  1  1 30 100 936  55  33  27   1 2320   0   0   0  34   1   1   0   1  21   0   0 100
E_Mammana     21 arg  1 18  1  1 30 100 550 114 104  29   0 2719   1   0   0  32   4   6   0   0   7   0   0 100
K_Koulibaly   25 sen  1 20  1  1 30 100 755 583 698  28   0 2613   0   0   0  34   1   2   0   0   2   0   0 100
Rod_Fanni     35 fra  1 18  1  1 30 100 729  98 103  31   0 2954   0   0   0  34   1   3   0   0   2   0   0 100
F_Ghoulam     26 alg  1 19 11  5 30 100 739 710 770  22   4 1703   2   0   0  18  21  16   2   1   6   0   0 100
Dante         33 bra  1 20  1  1 30 100 360 688 567  26   3 2249   2   0   0  33   2   5   0   0   3   0   0 100
Gaël_Clichy   31 fra  1 19  9  5 30 100 613 793 760  19   4 1524   0   0   0  22  15  14   2   1  11   0   0 100
Raúl_Albiol   31 esp  1 20  1  1 30 100 572 563 705  27   0 2438   0   0   0  33   1   9   0   0   7   0   0 100
C_Smalling    27 eng  1 20  1  1 30 100 397 357 367  31   0 2941   0   0   0  33   1   1   0   0   3   0   0  93
G_Mercado     30 arg  1 18  9  5 30 100 760 176 140  18   1 1650   0   0   0  24  12   7   1   0   4   0   0 100
Dalbert       23 bra  1 19 11  5 30 100 436 796 572  19   1 1607   0   0   0  21  16   4   0   0   8   0   0 100
M_de_Ligt     17 ned  1 17  1  1 30 100 811  69  54  22   1 1930   0   0   0  30   4   4   0   0   7   0   0 100
D_Sinkgraven  21 ned  1 18 10  5 30 100 643 794 788  23   2 2075   0   0   0  22  14  14   2   0   2   0   0 100
Phil_Jones    25 eng  1 20  1  1 30 100  96 564 668  39  20 2358   0   0   0  30   4   4   0   0   2   0   0 100
David_Luiz    29 bra  1 20  1  1 30 100 567 428 396  31   1 2795   0   0   0  31   2   2   0   1   3   0   0 100
C_Jallet      33 fra  1 19 11  5 30 100  23 191  91  20   0 1872   1   0   0  20  17   7   0   0   9   0   0 100
N_Pareja      33 arg  1 19  1  1 30 100 530  62  48  24   3 2059   0   0   0  31   2   0   0   0  11   0   0 100
Sebas_Coates  26 uru  1 20  1  1 30 100  54 726 685  32  10 2404   1   0   0  28   6   1   0   0   8   0   0 100
L_López       27 arg  1 19  1  1 30 100 738 714 687  32   1 3088   0   0   0  29   4   5   0   1   7   0   0 100
Mariano       30 bra  1 19  9  5 30 100 199 142  88  25   8 1874   0   0   0  26   8   2   0   0   7   0   0 100
Á_González    27 esp  1 19  1  1 30 100 438 663 663  25   3 2124   0   0   0  31   1   3   0   0   7   0   0 100
Sime_Vrsaljko 25 cro  1 19 11  5 30 100 614 769 742  26   4 2161   0   0   0  20  15  17   1   0   3   0   0 100
F_Fazio       30 arg  1 19  1  1 30 100 869  93  97  29   6 2506   0   0   0  30   2   5   0   0   3   0   0 100
M_Andreolli   30 ita  1 19  1  1 30 100 333 406 479  32   0 2915   0   0   0  30   2   3   0   0   4   0   0 100
Erik_Durm     24 ger  1 19 11  5 30 100 471 711 753  14   0 1322   1   0   0  20  13   8   1   2   0   0   0 100
Aleix_Vidal   27 esp  1 19 11  5 30 100 214 781 709  21   0 1915   2   0   0  23   9   7   0   2   6   0   0 100
Kurt_Zouma    22 fra  1 19  1  1 30 100 539 108 122  25   2 2295   0   0   0  29   1   3   1   1   2   0   0 100
A_Abdennour   27 tun  1 19  1  1 30 100  56  99  59  34  12 2333   1   0   0  27   4   3   0   1  12   0   0 100
Marc_Bartra   26 esp  1 20  1  1 30 100 317 576 708  21   1 1886   1   0   0  30   0   4   0   0   2   0   0 100
Niklas_Süle   21 ger  1 20  1  1 30 100 292 676 558  26   3 2213   1   0   0  27   4   6   0   0  11   0   0 100
A_Jedrzejczyk 29 pol  1 19 11  6 30 100 216 959 859  14   0 1283   0   0   0  15  19   8   1   1   2   0   0 100
Mau_Lemos     21 uru  1 19  1  1 30 100 656 684 583  42  20 2654   0   0   0  28   2   4   1   0   5   0   0 100
Jardel        31 bra  1 20  1  1 30 100 151 688 681  32   2 2899   0   0   0  28   2   3   0   0   8   0   0 100
T_Sainsbury   25 aus  1 18  1  1 30 100 905 421 465  25   1 2269   0   0   0  26   4   3   0   1   6   0   0 100
T_Vermaelen   31 bel  1 19  1  1 30 100 143  54  54  29   6 2330   0   0   0  29   0   0   0   0   3   0   0 100
Jesús_Vallejo 20 esp  1 18  1  1 30 100 934  75 114  27   1 2464   0   0   0  28   1   3   1   0   1   0   0 100
G_Chiellini   32 ita  1 21  1  1 30 110 824 615 657  32   1 2808   0   1   0  29   0   5   0   0   6   0   0 100
S_de_Vrij     25 ned  1 20  1  1 30 100 499 730 674  18   0 1694   0   0   0  28   1   2   0   0   6   0   0 100
Tin_Jedvaj    21 cro  1 19  1  1 30 100 303 563 682  28   3 2214   0   0   0  28   1   2   0   0   2   0   0 100
S_Widmwer     24 sui  1 19 11  6 30 100 579 905 818  15   0 1376   0   0   0  20  11   2   0   1   1   0   0 100
Felipe        27 bra  1 19  1  1 30 100 517  37  29  27   0 2471   1   0   0  27   2   1   0   0  16   0   0 100
Luke_Garbutt  23 eng  1 17  9  4 30 100 420 210  84  22   4 1690   0   0   0  16  16   2   0   1   6   0   0 100
P_Mertesacker 32 ger  1 20  1  1 30 100 339 676 628  32   3 2846   0   0   0  25   4   0   0   1  16   0   0 100
S_Kolasinac   23 bih  1 18  9  5 30 100 946 204  91  22   2 1751   0   0   0  18  12   3   0   2   5   0   0 100
V_Lindelöf    22 swe  1 19  1  1 30 100 764 598 562  35   1 3081   0   0   0  28   0   4   0   0  19   0   0 100
Alex_Telles   24 bra  1 19 11  5 30 100  43 190 165  21   4 1589   0   0   0  18  12   9   2   1   7   0   0 100
D_Schwaab     28 ger  1 18  1  1 30 100 797 514 517  27   3 2286   0   0   0  26   2   4   0   0   5   0   0 100
Joe_Gomez     19 eng  1 18  1  1 30 100 326 697 682  31  13 2208   0   0   0  25   3   2   0   0   7   0   0 100
M_Ginter      23 ger  1 19  1  1 30 100 809 583 697  14   0 1320   0   0   0  26   1   1   0   0   2   0   0 100
M_Nastasic    24 srb  1 19  1  1 30 100 439  54  58  27   4 2197   0   0   0  26   1   2   0   0   9   0   0 100
A_Barzagli    35 ita  1 21  1  1 30 100 432 657 674  30   0 2760   0   0   0  26   1   0   0   0   1   0   0 100
Nacho_Monreal 31 esp  1 19 11  7 30 100 868 743 765  19   5 1392   1   0   0  19   9  11   2   0   0   0   0 100
C_Maggio      35 ita  1 19  9  5 30 100  81 659 745  20   3 1606   0   0   0  16  13  12   1   0   6   0   0 100
V_Chiriches   27 rou  1 19  1  1 30 100 623 690 696  24   0 2280   0   0   0  26   0   2   0   0   5   0   0 100
N_N'Koulou    27 cmr  1 19  1  1 30 100 465 429 339  21   6 1593   0   0   0  23   3   3   0   1   1   0   0 100
M_Diakhaby    20 fra  1 18  1  1 30 100 183 117  82  26   0 2402   0   0   0  23   3   2   0   1   2   0   0 100
B_Höwedes     29 ger  1 20  1  1 30 100 130 122  64  32   4 2446   0   0   0  21   5   4   0   2  14   0   0 100
K_Trippier    26 eng  1 19 11  6 30 100 438 670 731  20  15 1091   0   0   0  16  12   8   1   1   2   0   0 100
Medhi_Benatia 29 mar  1 20  1  1 30 100 499 364 379  26   1 2074   0   0   0  24   2   5   0   0   3   0   0 100
A_Souquet     25 fra  1 18 11  5 30 100 912 780 569  16   0 1471   1   0   0  15  14   3   0   0   4   0   0 100
Neil_Taylor   28 wal  1 19  9  5 30 100 169 796 775   9   3  663   1   0   0  19   8   2   1   0   5   0   0 100
Darijo_Srna   34 cro  1 20 11  7 30 100 248 971 854  12   0 1140   2   0   0  14  13  10   0   3   0   0   0 100
S_Escudero    27 esp  1 19 11  5 30 100  82 214 175  16   1 1453   1   0   0  14  13   9   2   2   6   0   0 100
Oscar_Wendt   31 swe  1 19  9  5 30 100 733 851 818  14   0 1319   0   0   0  19   8   6   0   0   0   0   0 100
L_Tonelli     27 ita  1 19  1  1 30 100 770 584 681  23   4 1838   0   0   0  22   4   1   0   0   7   0   0 100
R_Funes_Mori  26 arg  1 18  1  1 30 100 848  82  60  25   5 1937   0   0   0  22   4   2   0   0  13   0   0 100
G_Paulista    26 bra  1 19  1  1 30 100 203  72  77  29   8 2252   0   0   0  25   0   1   0   0   4   0   0 100
A_Santos      27 bra  1 18  1  1 30 100 810  89  89  27   7 2093   0   0   0  24   1   3   0   0   4   0   0 100
Ben_Chilwell  20 eng  1 17 10  5 30 100 594 207  99   9   2  804   1   0   0  18   7   1   0   3   1   0   0 100
Stefan_Savic  26 mne  1 20  1  1 30 100 296 684 680  20   3 1539   0   0   0  21   3   4   0   0  11   0   0 100
Paul_Aguilar  31 mex  1 19 11  6 30 100 291 933 890  13   1 1171   4   0   0  11  15   8   2   1   1   0   0 100
A_Laporte     22 fra  1 20  1  1 30 100 773 663 554  30   4 2270   0   0   0  20   3   3   1   0  19   0   0 100
A_Rüdiger     24 ger  1 19  1  1 30 100 634 399 377  23   1 2089   0   0   0  17   7   3   0   0   3   0   0 100
Juan_Jesus    25 bra  1 18  1  1 30 100 550  86  88  18   3 1499   0   0   0  22   0   2   0   0   7   0   0 100
Dória         22 bra  1 18  1  1 30 100 380  85 112  30   7 2474   1   0   0  21   1   5   1   0   6   0   0 100
C_Zapata      30 col  1 19  1  1 30 100 602 677 557  18   1 1544   0   0   0  21   1   3   0   0   5   0   0 100
M_Yanga-Mbiwa 27 fra  1 18  1  1 30 100 816  71  80  21   2 1920   0   0   0  21   1   2   0   0   8   0   0 100
Pepe          34 por  1 21  1  1 30 100 591 545 556  27   2 2400   0   0   0  21   1   6   0   0   1   0   0 100
D_Carriço     28 por  1 19  1  1 30 100 638  51  41  23   2 1841   0   0   0  19   3   3   0   0  25   0   0 100
D_Rugani      22 ita  1 19  1  1 30 100 975 628 643  24   2 2145   0   0   0  19   3   3   0   0  10   0   0 100
R_Shawcross   29 eng  1 20  1  1 30 100 336 813 807  10   1  887   0   0   0  20   1   1   0   0   2   0   0 100
L_Hernández   21 fra  1 19  1  1 30 100 188 684 700  20   4 1576   0   0   0  19   2   1   1   0  10   0   0 100
M_Albornoz    26 chi  1 18  9  3 30 100 426 887 884  11   2  914   1   0   0  14   7   4   2   1   1   0   0 100
Y_Benalouane  30 tun  1 18  1  1 30 100 438  88  93  18   2 1620   0   0   0  20   0   1   0   0   1   0   0 100
P_Kimpembe    21 fra  1 19  1  1 30 100  38 688 705  19   1 1730   0   0   0  20   0   3   0   0   1   0   0 100
Paul_Baysse   28 fra  1 19  1  1 30 100 728 688 578  22   2 1885   0   0   0  20   0   2   0   0   6   0   0 100
Andrea_Raggi  32 ita  1 19  1  1 30 146 367 686 688  29   3 2520   0   6   2  20   0   2   0   0   2   0   0 100
Mason_Holgate 20 eng  1 17  1  1 30 100 312  90 116  20   5 1533   0   0   0  18   2   3   1   0   2   0   0 100
Gonzalo_Jara  31 chi  1 19  1  1 30 100 214 812 804  13   0 1193   0   0   0  18   2   2   0   0   1   0   0 100
Michael_Lang  26 sui  1 19 11  5 30 100 304 843 847  16   4 1258   1   0   0  12   9   5   2   0   5   0   1 100
John_Stones   22 eng  1 19  1  1 30 100 934 686 750  29   5 2353   1   0   0  19   0   9   1   0   2   0   0  93
Dennis_Aogo   30 ger  1 18  9  5 30 100 426 154  92  12   1  978   1   0   0  11  10   8   0   1   8   0   0 100
P_Jansson     26 swe  1 19  1  1 30 100 396 818 818  15   2 1204   1   0   0  19   0   0   0   0   1   0   0 100
Menno_Koch    22 ned  1 17  1  1 30 100 527 552 550  16   6 1130   1   0   0  18   1   1   0   0   0   0   0 100
Karim_Rekik   22 ned  1 18  1  1 30 100 173 103  98  18   7 1258   0   0   0  18   1   2   0   0   2   0   0 100
Mauricio_Isla 28 chi  1 19  9  5 30 100 485 886 822  13   0  967   0   0   0  12   8   4   0   1   5   0   0 100
Almamy_Touré  20 mli  1 18  9  4 30 100 264 776 713  16   4 1234   0   0   0  12   8   5   0   1   0   0   0 100
Todd_Kane     23 eng  1 17 10  5 30 100 636 175 116  17   0 1471   0   0   0   9  11   9   1   2  11   0   0 100
Frank_Fabra   26 col  1 19 11  4 30 100 244 909 804   9   0  816   0   0   0   8  13   2   0   1   6   0   0 100
Nathan_Aké    22 ned  1 18  1  1 30 100 499 117 101  17   2 1475   0   0   0  15   4   3   0   0   3   0   0 100
Bruno_M_Indi  25 ned  1 19  1  1 30 100 694 817 820  15   3  946   0   0   0  17   1   2   0   0   0   0   0 100
M_Hermes      22 bra  1 17  9  4 30 100 958 729 672  15   1 1380   0   0   0  11   9   2   0   0   2   0   0 100
Jeffrey_Bruma 25 ned  1 19  1  1 30 100 788 829 810  11   0 1001   0   0   0  15   3   2   0   0   1   0   0 100
C_Randall     21 eng  1 16  8  4 30 100 802 756 718  22  12 1398   0   0   0  11   8   6   0   0   0   0   0 100
H_Badstuber   28 ger  1 19  1  1 30 100  57  90  81  18   2 1435   1   0   0  15   2   1   0   0  12   0   0 100
Hrvoje_Milic  27 cro  1 19  9  5 30 100  16 831 876   9   0  855   1   0   0  13   3   4   2   0   0   0   0 100
J_Riedewald   20 ned  1 18  1  1 30 100 926 583 707  13   5  992   0   0   0  15   1   3   0   0   2   0   0 100
C_Salcedo     23 mex  1 19  1  1 30 100 124 811 805  16   7 1147   1   0   0  15   1   1   0   0   3   0   0 100
Enzo_Roco     24 chi  1 19  1  1 30 100 214 811 804  13   0 1235   1   0   0  15   1   0   0   0   3   0   0 100
A_Nura        19 nga  1 16  8  4 30 100 554 168 114   7   1  596   0   0   0   8  10   4   0   0   1   0   0 100
James_Collins 33 wal  1 19  1  1 30 100 268 757 756  10   0  941   1   0   0  14   1   2   0   0   0   0   0 100
Ola_Aina      20 nga  1 16 10  5 30 100 736 147  99   7   4  421   0   0   0   9   7   1   0   0   1   0   0 100
S_Magnasco    24 chi  1 18  9  4 30 100 367 834 819   6   1  515   0   0   0  12   3   1   0   0   1   0   0 100
Ivan_Strinic  29 cro  1 18  9  5 30 100 286 160 110  14   6 1020   0   0   0   9   6   4   0   1   1   0   0 100
Tomas_Hubocan 31 svk  1 18  1  1 30 100 328  80  81  16   3 1193   0   0   0  14   0   1   0   0   0   0   0 100
D_Bocanegra   29 col  1 18  9  5 30 100 942 871 840   6   0  559   0   0   0   7   9   3   1   0   1   0   0 100
O_González    32 chi  1 18  1  1 30 100 516 827 820   9   2  740   0   0   0  13   1   0   0   0   0   0   0 100
Jonas_Olsson  34 swe  1 19  1  1 30 100 312 832 818  12   3  909   1   0   0  12   2   0   0   0   1   0   0 100
Jordy_Gaspar  19 fra  1 16 10  5 30 100 696 149 114  10   2  761   0   0   0   8   7   6   0   0   0   0   0 100
C_Lenglet     21 fra  1 18  1  1 30 100 430  74 105  11   3  823   0   0   0  13   0   2   1   0   3   0   0 100
M_Caceres     29 uru  1 20  1  1 30 100 221 805 815  15   1 1290   0   0   0  13   0   1   0   0   5   0   0 100
F_Coentrão    28 por  1 19  9  5 30 100 315 730 613  11   5  753   1   0   0   8   6   4   1   0   1   0   0 100
Adam_Matthews 25 wal  1 18 10  5 30 100 480 781 768   6   2  509   0   0   0  10   3   4   0   0   0   0   0 100
Loïc_Perrin   31 fra  1 20  1  1 30 100 360 746 697  12   0 1094   1   0   0  12   0   3   0   0   7   0   0 100
Diego_Reyes   24 mex  1 19  1  1 30 100 486 812 824  12   0 1146   1   0   0  12   0   4   0   0   4   0   0 100
J_Mathieu     33 fra  1 19  1  1 30 100 970 675 668  20   5 1698   0   0   0  11   1   0   0   0  11   0   0 100
V_Corluka     31 cro  1 20  1  1 30 100 414 812 817  10   0  952   0   0   0  11   0   1   0   0   4   0   0 100
José_Fonte    34 por  1 20  1  1 30 100 379 645 643   9   0  854   0   0   0  10   1   1   0   0   1   0   0 100
M_Suttner     29 aut  1 18 10  5 30 100 680 869 821   6   0  519   0   0   0   5   7   1   0   0   0   0   0 100
L_Vangioni    29 arg  1 19 11  5 30 100  80 852 791   6   0  444   0   0   0   5   6   1   0   1  10   0   0 100
Gonzalo_Rguez 32 arg  1 20  1  1 30 100 380 820 827   8   0  765   0   0   0  10   0   3   0   0   0   0   0 100
Abdou_Diallo  20 fra  1 17  1  1 30 100 958 678 678  12   1 1048   0   0   0  10   0   0   0   0   1   0   0 100
Michal_Pazdan 29 pol  1 19  1  1 30 100 280 810 810  12   0 1084   0   0   0  10   0   0   0   0   0   0   0 100
P_Olkowski    27 pol  1 18 10  5 30 100 688 851 835   7   2  548   0   0   0   6   5   7   0   0   2   0   0 100
Érick_Aguirre 20 mex  1 18  9  5 30 100 457 834 820   4   0  384   1   0   0   8   2   0   0   0   0   0   0 100
Antonio_Milic 23 cro  1 18  1  1 30 100 966 808 808   6   0  567   0   0   0   9   0   0   0   0   6   0   0 100
M_Hinteregger 24 aut  1 19  1  1 30 100 264 825 823  12   5  854   0   0   0   8   1   1   0   0   1   0   0 100
J_Djourou     30 sui  1 19  1  1 30 100 313 813 807  13   2 1037   0   0   0   8   1   1   0   0   7   0   0 100
Ludwig_A      22 swe  1 18 10  5 30 100 573 832 818   3   1  207   0   0   0   7   2   0   0   0   1   0   0 100
Farid_Díaz    33 col  1 18  5  4 30 100 732 832 819   5   2  346   1   0   0   7   2   1   0   0   1   0   0 100
Paul_Dummett  25 wal  1 18 10  5 30 100 355 744 731   7   2  573   0   0   0   7   2   1   0   0   5   0   0 100
B_Espinosa    27 col  1 19  1  1 30 100 566 820 826   6   1  484   0   0   0   8   0   2   0   0   0   0   0 100
A_Granqvist   31 swe  1 20  1  1 30 100   9 803 808  13   0  727   0   0   0   8   0   0   0   0   6   0   0 100
Joo-Ho_Park   30 kor  1 18  7  4 30 100 948 615 701   4   2  283   0   0   0   4   5   1   0   0   0   0   0 100
C_Vilches     33 chi  1 18  1  1 30 100 322 805 799   8   3  574   0   0   0   7   1   1   0   0   1   0   0 100
Pol_Lirola    19 esp  1 18 11  5 30 100 808 779 758   9   6  513   0   0   0   5   3   0   0   0   1   0   0 100
Chris_Gunter  27 wal  1 18 10  5 30 100 360 781 773   6   1  567   0   0   0   5   3   5   0   0   0   0   0 100
E_Bergstrom   23 swe  1 18  1  1 30 100 314 820 820   2   0  191   0   0   0   7   0   0   0   0   0   0   0 100
César_Montes  20 mex  1 18  1  1 30 100 984 820 821  10   3  574   0   0   0   7   0   1   0   0   0   0   0 100
C_Kabasele    26 bel  1 19  1  1 30 100 215 780 780   6   0  575   0   0   0   7   0   0   0   0   0   0   0 100
Fede_Ricca    22 uru  1 19 11  5 30 100  64 844 818   6   1  408   0   0   0   4   4   2   0   0   2   0   0 100
M_Pennington  22 eng  1 16  1  1 30 100 732  87  80  10   5  532   0   0   0   6   1   0   0   0   0   0   0 100
Paulo_Díaz    22 chi  1 18  1  1 30 100 302 827 820   6   0  570   0   0   0   6   1   0   0   0   0   0   0 100
S_Prödl       29 aut  1 19  1  1 30 100 408 813 807  12   2  993   0   0   0   6   1   1   0   0   7   0   0 100
Tiago_Pinto   29 por  1 18 11  5 30 100 930 834 820   2   0  190   0   0   0   5   2   0   0   0   0   0   0 100
D_da_Costa    23 ger  1 18 10  5 30 100 420 584 692   5   3  227   0   0   0   5   2   2   0   0   0   0   0 100
D_Calabria    20 ita  1 18  9  4 30 100  40 704 691   3   0  284   1   0   0   5   2   1   0   0   0   0   0 100
James_Chester 28 wal  1 19  1  1 30 100  10 738 769  10   1  822   0   0   0   6   0   2   1   0   1   0   0 100
Martin_Olsson 28 swe  1 19 11  5 30 100 118 831 820  11   9  515   0   0   0   4   3   2   0   0   0   0   0 100
P_Burner      20 fra  1 17  8  4 30 100 348 696 581   2   0  194   0   0   0   6   0   1   0   0   2   0   0 100
G_Pezzella    25 arg  1 19  1  1 30 100 392 820 820   3   1  260   0   0   0   6   0   0   0   0   0   0   0 100
S_Alberto     20 ned  1 16  1  1 30 100 892 555 555   5   1  316   0   0   0   6   0   0   0   0   0   0   0 100
Hugo_Ayala    30 mex  1 19  1  1 30 100  92 820 825   7   5  349   0   0   0   6   0   1   0   0   0   0   0 100
F_Benkovic    19 cro  1 19  1  1 30 100 232 810 810   6   2  443   0   0   0   6   0   0   0   0   0   0   0 100
Eloge_Yao     21 civ  1 17  1  1 30 100 816 422 518  13   5  816   0   0   0   4   2   1   1   0   6   0   0 100
L_Jiménez     27 col  1 18  1  1 30 100 918 815 813   4   0  333   0   0   0   5   1   1   0   0   1   0   0 100
Fabin_Schar   25 sui  1 19  1  1 30 100 260 827 825  10   5  661   0   0   0   5   1   1   0   0   0   0   0 100
Emil_Krafth   22 swe  1 18 10  5 30 100 502 875 820   2   0  191   0   0   0   1   5   0   0   1   0   0   0 100
M_Kaminski    25 pol  1 18  1  1 30 100 290 820 820   2   0  185   0   0   0   5   0   0   0   0   0   0   0 100
L_De_Bock     24 bel  1 18  9  5 30 100 920 810 810   2   0  189   0   0   0   5   0   0   0   0   0   0   0 100
M_Mitrovic    23 cro  1 18  1  1 30 100 410 810 810   3   0  250   0   0   0   5   0   0   0   0   5   0   0 100
S_Riether     34 ger  1 18  9  4 30 100 318 458 459   4   2  301   0   0   0   5   0   1   0   0   1   0   0 100
Éder_Balanta  24 col  1 19  1  1 30 100 220 810 810   9   6  474   0   0   0   5   0   0   0   0   0   0   0 100
N_Lombaerts   32 bel  1 19  1  1 30 100 680 790 792  11   5  759   0   0   0   5   0   2   0   0   0   0   0 100
I_Jiménez     27 mex  1 18 10  5 30 100 526 815 808   2   0  185   0   0   0   4   1   0   0   0   1   0   0 100
Phil_Neumann  19 ger  1 16 10  5 30 100 218  87  80   8   7  247   0   0   0   4   1   0   0   0   0   0   0 100
F_Helander    23 swe  1 18  1  1 30 100 918 827 820   6   4  364   0   0   0   4   1   0   0   0   0   0   0 100
M_Wasilewski  36 pol  1 17  1  1 30 100 584 103  97   9   1  762   0   0   0   4   1   1   0   0   2   0   0 100
D_Suárez      28 uru  1 18 11  5 30 100 904 821 801   4   0  367   1   0   0   2   3   1   0   0   5   0   0 100
Emiliano_V    22 uru  1 18  1  1 30 100 906 808 809   2   0  186   0   0   0   4   0   1   0   0   1   0   0 100
Pedro_Franco  25 col  1 18  1  1 30 100 406 818 818   3   0  283   0   0   0   4   0   0   0   0   1   0   0 100
Ivo_Pinto     27 por  1 19 11  5 30 100  56 827 820   1   0   96   0   0   0   3   1   0   0   0   0   0   0 100
José_Abella   23 mex  1 18  9  4 30 100 396 827 830   2   1  173   0   0   0   3   1   2   0   0   0   0   0 100
Bernardo      21 bra  1 18  9  4 30 100 284 815 808   4   2  228   0   0   0   3   1   0   0   0   1   0   0 100
Rob_Holding   21 eng  1 17  1  1 30 100 992 845 818   3   1  239   0   0   0   2   1   0   0   1   1   0   0 100
Michael_Keane 24 eng  1 19  1  1 30 100 656 820 825   1   0   94   0   0   0   3   0   1   0   0   0   0   0 100
Björn_Engels  22 bel  1 19  1  1 30 100 204 818 818   3   2  131   0   0   0   3   0   0   0   0   1   0   0 100
Mamadou_Sakho 27 fra  1 20  1  1 30 100 106 810 810   2   0  138   0   0   0   3   0   0   0   0   5   0   0 100
Jason_Denayer 21 bel  1 18  1  1 30 100 904 818 818   5   4  164   0   0   0   3   0   0   0   0   1   0   0 100
Joel_Lynch    29 wal  1 18  1  1 30 100 392 816 816   4   1  228   0   0   0   3   0   0   0   0   2   0   0 100
N_Viergever   27 ned  1 18  1  1 30 100 696 460 460   5   2  416   0   0   0   3   0   0   0   0   0   0   0 100
Rick_Karsdorp 22 ned  1 19 11  5 30 100 332 854 825   3   2  159   0   0   0   1   2   1   0   1   0   0   0 100
D_Santos      23 bra  1 19 11  5 30 100  44 827 820   1   0   95   1   0   0   2   1   0   0   0   0   0   0 100
M_Piedrahita  31 col  1 18  5  4 30 100 504 817 810   2   1  120   0   0   0   2   1   0   0   0   0   0   0 100
T_Kedziora    22 pol  1 18  9  4 30 100 252 825 823   2   0  185   0   0   0   2   1   1   0   0   1   0   0 100
Jonas_Hector  26 ger  1 20 10  5 30 100 104 827 821   2   0  193   0   0   0   2   1   1   0   0   0   0   0 100
Timm_Klose    28 sui  1 19  1  1 30 100 194 827 820   6   4  337   0   0   0   2   1   0   0   0   0   0   0 100
Andreas_Ulmer 31 aut  1 18 10  5 30 100 502 834 820   2   0  186   0   0   0   1   2   0   0   0   0   0   0 100
Florian_Klein 30 aut  1 18 10  6 30 100 500 832 830   2   0  186   0   0   0   1   2   4   0   0   1   0   0 100
F_Moubandje   26 sui  1 18  9  4 30 100 662 834 820   2   0  188   0   0   0   1   2   0   0   0   0   0   0 100
S_Corchia     26 fra  1 19 11  5 30 100 350 841 821   2   0  187   0   0   0   0   3   1   0   0   0   0   0 100
M_Caruzzo     31 arg  1 19  1  1 30 100 194 820 820   1   0   94   0   0   0   2   0   0   0   0   0   0   0 100
J_Basanta     32 arg  1 18  1  1 30 100 894 820 821   1   0   94   0   0   0   2   0   1   0   0   0   0   0 100
Néstor_Araujo 25 mex  1 18  1  1 30 100 644 820 820   3   1  214   0   0   0   2   0   0   0   0   0   0   0 100
Josué_Sá      24 por  1 18  1  1 30 100 632 827 820   1   0   94   0   0   0   1   1   0   0   0   0   0   0 100
B_Bereszynski 24 pol  1 18 10  5 30 100 632 827 820   3   0  213   0   0   0   1   1   0   0   0   0   0   0 100
Stefan_Medina 24 col  1 18  5  4 30 100 102 817 811   3   1  219   0   0   0   1   1   1   0   0   0   0   0 100
G_Margreitter 28 aut  1 18  1  1 30 100 662 827 820   6   4  337   0   0   0   1   1   0   0   0   0   0   0 100
W_Tesillo     27 col  1 19  1  1 30 100  20 815 808   4   0  376   0   0   0   1   1   0   0   0   1   0   0 100
Nico_Elvedi   22 sui  1 18  1  1 30 100 882 820 820   2   1   86   0   0   0   1   0   0   0   0   0   0   0 100
T_Kongolo     23 ned  1 19  1  1 30 100 362 820 820   1   0   93   0   0   0   1   0   0   0   0   0   0   0 100
Léo_Lacroix   25 sui  1 18  1  1 30 100 502 820 820   1   0   93   0   0   0   1   0   0   0   0   0   0   0 100
E_Velarde     30 mex  1 18 10  5 30 100 240 818 823   1   0   93   0   0   0   1   0   1   0   0   1   0   0 100
P_Netzer      31 aut  1 18  1  1 30 100 142 820 820   1   0   93   0   0   0   1   0   0   0   0   0   0   0 100
Pedro_Mendes  26 por  1 18  1  1 30 100 632 820 820   1   0   94   0   0   0   1   0   0   0   0   0   0   0 100
Jefferson     28 bra  1 19 11  5 30 100  62 820 820   1   0   95   0   0   0   1   0   0   0   0   0   0   0 100
Jazz_Richards 25 wal  1 18  9  4 30 100 242 820 820   1   0   96   0   0   0   1   0   0   0   0   0   0   0 100
Rúben_Vezo    22 por  1 19  1  1 30 100  28 816 816   2   0  153   0   0   0   1   0   0   0   0   2   0   0 100
Reto_Ziegler  31 sui  1 18  1  1 30 100 662 820 820   2   0  188   0   0   0   1   0   0   0   0   0   0   0 100
Igor_Lewczuk  31 pol  1 18  1  1 30 100 632 820 820   3   0  236   0   0   0   1   0   0   0   0   0   0   0 100
M_Olivera     25 uru  1 18 10  5 30 100 230 827 820   1   1   28   0   0   0   0   1   0   0   0   0   0   0 100
Rafa_Soares   21 por  1 18 10  5 30 100 490 827 820   1   0   45   0   0   0   0   1   0   0   0   0   0   0 100
Stefan_Stangl 25 aut  1 18  9  4 30 100 230 827 820   1   0   93   0   0   0   0   1   0   0   0   0   0   0 100
Alex_Silva    27 uru  1 18  9  4 30 100 490 827 820   1   0   94   0   0   0   0   1   0   0   0   0   0   0 100
F_Hadergjonaj 22 sui  1 18 10  5 30 100 361 827 820   1   0   95   0   0   0   0   1   0   0   0   0   0   0 100
D_Zappacosta  24 ita  1 19 11  6 30 100 470 827 820   1   0   96   0   0   0   0   1   0   0   0   0   0   0 100
Cédric_Soares 25 por  1 19 11  5 30 100 380 587 580   2   0  187   0   0   0   0   1   0   0   0   0   0   0 100
Thomas_Foket  22 bel  1 18 10  6 30 100 650 827 821   2   0  192   0   0   0   0   1   1   0   0   0   0   0 100
C_Trimmel     30 aut  1 18 10  5 30 100 230 820 850   2   0  109   1   0   0   0   0   1   1   0   0   0   0 100
P_Magalhães   27 chi  1 17  9  4 30 100 970 820 820   1   1    4   0   0   0   0   0   0   0   0   0   0   0 100
G_Alcoba      32 uru  1 19  1  1 30 100 170 820 820   1   1   29   0   0   0   0   0   0   0   0   0   0   0 100
R_Herrera     28 uru  1 18  1  1 30 100 361 820 820   1   1   38   0   0   0   0   0   0   0   0   0   0   0 100
J_Lukaku      22 bel  1 18 10  5 30 100 620 820 825   1   1   53   0   0   0   0   0   1   0   0   0   0   0 100
L_Castán      30 bra  1 19  1  1 30 100 620 820 820   1   0   61   0   0   0   0   0   0   0   0   0   0   0 100
Michael_Madl  29 aut  1 18  1  1 30 100 361 820 820   1   0   92   0   0   0   0   0   0   0   0   0   0   0 100
Kolodziejczak 25 fra  1 19  1  1 30 100 900 820 820   1   0   93   0   0   0   0   0   0   0   0   0   0   0 100
S_von_Bergen  33 sui  1 18  1  1 30 100 361 820 820   1   0   93   0   0   0   0   0   0   0   0   0   0   0 100
Gaston_Silva  23 uru  1 18  1  1 30 100 490 820 820   1   0   94   0   0   0   0   0   0   0   0   0   0   0 100
Luis_Fuentes  30 mex  1 18 10  5 30 100 620 820 820   1   0   97   0   0   0   0   0   0   0   0   0   0   0 100
F_Venâncio    24 por  1 18  1  1 30 100 860 810 811   2   1  133   0   0   0   0   0   1   0   0   0   0   0 100
Reece_Oxford  18 eng  1 17  1  1 30 100 610 810 810   2   0  141   0   0   0   0   0   0   0   0   0   0   0 100
Saulo_Decarli 25 sui  1 18  1  1 30 100 620 820 820   2   0  188   0   0   0   0   0   0   0   0   0   0   0 100
Willy_Boly    26 fra  1 18  1  1 30 100 870 820 820   2   0  189   0   0   0   0   0   0   0   0   0   0   0 100
G_Lloris      21 fra  1 17  1  1 30 100 278 698 578   2   0  189   0   0   0   0   0   0   0   0   1   0   0 100
Marin_Leovac  28 cro  1 18  9  4 30 100 361 820 820   2   0  192   0   0   0   0   0   0   0   0   0   0   0 100
J_Simunovic   22 cro  1 18  1  1 30 100 230 820 820   2   0  192   0   0   0   0   0   0   0   0   0   0   0 100
Ivan_Tomecak  27 cro  1 17  8  4 30 100 650 820 820   2   0  192   0   0   0   0   0   0   0   0   0   0   0 100
B_Salamon     25 pol  1 18  1  1 30 100 340 800 800   4   3  205   0   0   0   0   0   0   0   0   5   0   0 100
M_Le_Marchand 27 fra  1 19  1  1 30 100  38 688 570   3   0  282   0   0   0   0   0   2   0   0   1   0   0 100
J_Abu_Hanna   19 ger  1 16  1  1 30 100 840 580 700   0   0    0   0   0   0   0   0   0   0   0   0   0   0 100
F_Acerbi      29 ita  1 20  1  1 30 100 260 820 820   0   0    0   0   0   0   0   0   0   0   0   0   0   0 100
Davide_Astori 30 ita  1 20  1  1 30 100  80 820 820   0   0    0   0   0   0   0   0   0   0   0   0   0   0 100
A_Ogbonna     28 ita  1 19  1  1 30 100 900 820 820   0   0    0   0   0   0   0   0   0   0   0   0   0   0 100
Ryan_Bertrand 27 eng  1 19 11  6 30 100 900 820 820   0   0    0   0   0   0   0   0   0   0   0   0   0   0 100
M_Balenziaga  29 esp  1 19 11  5 30 100 620 820 820   0   0    0   0   0   0   0   0   0   0   0   0   0   0 100
Rúben_Semedo  23 por  1 19  1  1 30 100 620 820 820   0   0    0   0   0   0   0   0   0   0   0   0   0   0 100
Bruno_Alves   35 por  1 19  1  1 30 100 620 820 820   0   0    0   0   0   0   0   0   0   0   0   0   0   0 100
E_Botteghin   29 bra  1 19  1  1 30 100 620 820 820   0   0    0   0   0   0   0   0   0   0   0   0   0   0 100
Luisão        36 bra  1 19  1  1 30 100 620 820 820   0   0    0   0   0   0   0   0   0   0   0   0   0   0 100
Scott_Dann    30 eng  1 19  1  1 30 100 620 820 820   0   0    0   0   0   0   0   0   0   0   0   0   0   0 100
Gil           29 bra  1 19  1  1 30 100 620 820 820   0   0    0   0   0   0   0   0   0   0   0   0   0   0 100
C_Zambrano    27 per  1 19  1  1 30 100 470 820 820   0   0    0   0   0   0   0   0   0   0   0   0   0   0 100
P_Oliveira    25 por  1 19  1  1 30 100 470 820 820   0   0    0   0   0   0   0   0   0   0   0   0   0   0 100
Wesley_Hoedt  23 ned  1 19  1  1 30 100 320 820 820   0   0    0   0   0   0   0   0   0   0   0   0   0   0 100
Ron_Vlaar     32 ned  1 19  1  1 30 100 320 820 820   0   0    0   0   0   0   0   0   0   0   0   0   0   0 100
Daryl_Janmaat 27 ned  1 19 11  5 30 100 320 820 820   0   0    0   0   0   0   0   0   0   0   0   0   0   0 100
Yeray_Álvarez 22 esp  1 19  1  1 30 100 320 820 820   0   0    0   0   0   0   0   0   0   0   0   0   0   0 100
Luís_Neto     28 por  1 19  1  1 30 100 320 820 820   0   0    0   0   0   0   0   0   0   0   0   0   0   0 100
André_Pinto   27 por  1 19  1  1 30 100 320 820 820   0   0    0   0   0   0   0   0   0   0   0   0   0   0 100
Eliseu        33 por  1 19  9  5 30 100 320 820 820   0   0    0   0   0   0   0   0   0   0   0   0   0   0 100
D_Bonera      35 ita  1 19  1  1 30 100 320 820 820   0   0    0   0   0   0   0   0   0   0   0   0   0   0 100
Wallace       22 bra  1 19  1  1 30 100 320 820 820   0   0    0   0   0   0   0   0   0   0   0   0   0   0 100
F_Roncaglia   29 arg  1 19  1  1 30 100 320 820 820   0   0    0   0   0   0   0   0   0   0   0   0   0   0 100
Glen_Johnson  32 eng  1 19 11  4 30 100 320 820 820   0   0    0   0   0   0   0   0   0   0   0   0   0   0 100
A_Rukavina    33 srb  1 19 11  5 30 100 320 820 820   0   0    0   0   0   0   0   0   0   0   0   0   0   0 100
Jonny_Castro  23 esp  1 19 11  5 30 100 320 820 820   0   0    0   0   0   0   0   0   0   0   0   0   0   0 100
Erik_Pieters  28 ned  1 19  9  4 30 100 170 820 820   0   0    0   0   0   0   0   0   0   0   0   0   0   0 100
Van_der_Wiel  29 ned  1 19  9  4 30 100 170 820 820   0   0    0   0   0   0   0   0   0   0   0   0   0   0 100
Luisinho      31 por  1 19 11  5 30 100 170 820 820   0   0    0   0   0   0   0   0   0   0   0   0   0   0 100
Y_Gerhardt    23 ger  1 19  9  5 30 100 170 820 820   0   0    0   0   0   0   0   0   0   0   0   0   0   0 100
Armando_Izzo  25 ita  1 19  1  1 30 100 170 820 820   0   0    0   0   0   0   0   0   0   0   0   0   0   0 100
L_D_Silvestri 28 ita  1 19 11  5 30 100 170 820 820   0   0    0   0   0   0   0   0   0   0   0   0   0   0 100
Óscar_Murillo 28 col  1 19  1  1 30 100 170 820 820   0   0    0   0   0   0   0   0   0   0   0   0   0   0 100
James_Tomkins 28 eng  1 19  1  1 30 100 170 820 820   0   0    0   0   0   0   0   0   0   0   0   0   0   0 100
Issa_Diop     20 fra  1 19  1  1 30 100 170 820 820   0   0    0   0   0   0   0   0   0   0   0   0   0   0 100
A_Cresswell   27 eng  1 19 11  5 30 100 170 820 820   0   0    0   0   0   0   0   0   0   0   0   0   0   0 100
Y_Sabaly      24 fra  1 19 11  5 30 100 170 820 820   0   0    0   0   0   0   0   0   0   0   0   0   0   0 100
Miguel_Britos 31 uru  1 19  1  1 30 100 170 820 820   0   0    0   0   0   0   0   0   0   0   0   0   0   0 100
A_Masuaku     23 fra  1 19 11  5 30 100  20 820 820   0   0    0   0   0   0   0   0   0   0   0   0   0   0 100
K_T-Catherine 27 fra  1 19 11  5 30 100  20 820 820   0   0    0   0   0   0   0   0   0   0   0   0   0   0 100
P_van_Aanholt 26 ned  1 19 11  4 30 100  20 820 820   0   0    0   0   0   0   0   0   0   0   0   0   0   0 100
R_Haps        23 ned  1 19 11  5 30 100  20 820 820   0   0    0   0   0   0   0   0   0   0   0   0   0   0 100
M_Zeegelaar   26 ned  1 19 11  5 30 100  20 820 820   0   0    0   0   0   0   0   0   0   0   0   0   0   0 100
Tiago_Ilori   24 por  1 19  1  1 30 100  20 820 820   0   0    0   0   0   0   0   0   0   0   0   0   0   0 100
A_Ranocchia   29 ita  1 19  1  1 30 100  20 820 820   0   0    0   0   0   0   0   0   0   0   0   0   0   0 100
Steve_Cook    25 eng  1 19  1  1 30 100  20 820 820   0   0    0   0   0   0   0   0   0   0   0   0   0   0 100
S_Caulker     25 eng  1 19  1  1 30 100  20 820 820   0   0    0   0   0   0   0   0   0   0   0   0   0   0 100
C_Chambers    22 eng  1 19  7  4 30 100  20 820 820   0   0    0   0   0   0   0   0   0   0   0   0   0   0 100
Joel_Ward     27 eng  1 19 10  5 30 100  20 820 820   0   0    0   0   0   0   0   0   0   0   0   0   0   0 100
Kyle_Naughton 28 eng  1 19 11  5 30 100  20 820 820   0   0    0   0   0   0   0   0   0   0   0   0   0   0 100
Maya_Yoshida  28 jpn  1 19  1  1 30 100  20 820 820   0   0    0   0   0   0   0   0   0   0   0   0   0   0 100
Andrea_Conti  23 ita  1 19 11  5 30 100  20 820 820   0   0    0   0   0   0   0   0   0   0   0   0   0   0 100
Jordan_Amavi  23 fra  1 19 11  5 30 100  20 820 820   0   0    0   0   0   0   0   0   0   0   0   0   0   0 100
Sven_van_Beek 22 ned  1 18  1  1 30 100 870 820 820   0   0    0   0   0   0   0   0   0   0   0   0   0   0 100
T_Letschert   23 ned  1 18  1  1 30 100 870 820 820   0   0    0   0   0   0   0   0   0   0   0   0   0   0 100
M_Dijks       24 ned  1 18  9  4 30 100 870 820 820   0   0    0   0   0   0   0   0   0   0   0   0   0   0 100
R_van_Rhijn   25 ned  1 18 11  5 30 100 870 820 820   0   0    0   0   0   0   0   0   0   0   0   0   0   0 100
M_Caldara     22 ita  1 18  1  1 30 100 870 820 820   0   0    0   0   0   0   0   0   0   0   0   0   0   0 100
Adam_Masina   23 ita  1 18  9  5 30 100 870 820 820   0   0    0   0   0   0   0   0   0   0   0   0   0   0 100
A_Barreca     22 ita  1 18 11  5 30 100 870 820 820   0   0    0   0   0   0   0   0   0   0   0   0   0   0 100
Ben_Mee       27 eng  1 18  9  5 30 100 870 820 820   0   0    0   0   0   0   0   0   0   0   0   0   0   0 100
Daniel_Díaz   36 arg  1 18  1  1 30 100 870 820 820   0   0    0   0   0   0   0   0   0   0   0   0   0   0 100
Gotoku_Sakai  26 jpn  1 18  9  5 30 100 870 820 820   0   0    0   0   0   0   0   0   0   0   0   0   0   0 100
E_Johansson   28 swe  1 18  1  1 30 100 870 820 820   0   0    0   0   0   0   0   0   0   0   0   0   0   0 100
Niklas_Hult   27 swe  1 18 11  6 30 100 870 820 820   0   0    0   0   0   0   0   0   0   0   0   0   0   0 100
Mikale_Lustig 30 swe  1 18  9  4 30 100 620 820 820   0   0    0   0   0   0   0   0   0   0   0   0   0   0 100
Pierre_B      28 swe  1 18 10  5 30 100 620 820 820   0   0    0   0   0   0   0   0   0   0   0   0   0   0 100
Ben_Gibson    24 eng  1 18  1  1 30 100 620 820 820   0   0    0   0   0   0   0   0   0   0   0   0   0   0 100
C_Taylor      23 eng  1 18 10  5 30 100 620 820 820   0   0    0   0   0   0   0   0   0   0   0   0   0   0 100
C_Jenkinson   25 eng  1 18 10  6 30 100 620 820 820   0   0    0   0   0   0   0   0   0   0   0   0   0   0 100
S_Dewaest     25 bel  1 18  1  1 30 100 620 820 820   0   0    0   0   0   0   0   0   0   0   0   0   0   0 100
Sam_Byram     23 eng  1 18 10  6 30 100 620 820 820   0   0    0   0   0   0   0   0   0   0   0   0   0   0 100
Rasmus_B      30 swe  1 18  1  1 30 100 490 820 820   0   0    0   0   0   0   0   0   0   0   0   0   0   0 100
A_Milosevic   25 swe  1 18  1  1 30 100 490 820 820   0   0    0   0   0   0   0   0   0   0   0   0   0   0 100
Johan_Larsson 26 swe  1 18 10  5 30 100 490 820 820   0   0    0   0   0   0   0   0   0   0   0   0   0   0 100
T_Castagne    21 bel  1 18 10  6 30 100 490 820 820   0   0    0   0   0   0   0   0   0   0   0   0   0   0 100
L_P_Cavanda   26 bel  1 18 10  6 30 100 490 820 820   0   0    0   0   0   0   0   0   0   0   0   0   0   0 100
Edwin_Hdez    30 mex  1 18  9  4 30 100 490 820 820   0   0    0   0   0   0   0   0   0   0   0   0   0   0 100
A_Callens     25 per  1 18  1  1 30 100 490 820 820   0   0    0   0   0   0   0   0   0   0   0   0   0   0 100
L_Advíncula   27 per  1 18 10  5 30 100 490 820 820   0   0    0   0   0   0   0   0   0   0   0   0   0   0 100
H_Westermann  33 ger  1 18  1  1 30 100 361 820 820   0   0    0   0   0   0   0   0   0   0   0   0   0   0 100
M_Bjarsmyr    31 swe  1 18  1  1 30 100 361 820 820   0   0    0   0   0   0   0   0   0   0   0   0   0   0 100
M_Johansson   25 swe  1 18 10  4 30 100 361 820 820   0   0    0   0   0   0   0   0   0   0   0   0   0   0 100
C_Fiore       22 bel  1 18  1  1 30 100 361 820 820   0   0    0   0   0   0   0   0   0   0   0   0   0   0 100
J_Domínguez   29 mex  1 18  1  1 30 100 361 820 820   0   0    0   0   0   0   0   0   0   0   0   0   0   0 100
Enrique_Pérez 28 mex  1 18  1  1 30 100 361 820 820   0   0    0   0   0   0   0   0   0   0   0   0   0   0 100
E_García      27 mex  1 18  9  5 30 100 361 820 820   0   0    0   0   0   0   0   0   0   0   0   0   0   0 100
F_Navarro     27 mex  1 18 10  6 30 100 361 820 820   0   0    0   0   0   0   0   0   0   0   0   0   0   0 100
Jesús_Sánchez 27 mex  1 18  9  4 30 100 361 820 820   0   0    0   0   0   0   0   0   0   0   0   0   0   0 100
Raúl_López    24 mex  1 18  9  4 30 100 361 820 820   0   0    0   0   0   0   0   0   0   0   0   0   0   0 100
Loris_Benito  25 sui  1 18  9  4 30 100 361 820 820   0   0    0   0   0   0   0   0   0   0   0   0   0   0 100
G_Troupée     19 ned  1 18 10  6 30 100 361 820 820   0   0    0   0   0   0   0   0   0   0   0   0   0   0 100
Bryan_Verboom 25 bel  1 18 10  5 30 100 230 820 820   0   0    0   0   0   0   0   0   0   0   0   0   0   0 100
Hiram_Mier    27 mex  1 18  1  1 30 100 230 820 820   0   0    0   0   0   0   0   0   0   0   0   0   0   0 100
A_Aldrete     28 mex  1 18  9  4 30 100 230 820 820   0   0    0   0   0   0   0   0   0   0   0   0   0   0 100
G_Rodríguez   31 mex  1 18  9  4 30 100 230 820 820   0   0    0   0   0   0   0   0   0   0   0   0   0   0 100
Miguel_Ponce  27 mex  1 18  9  4 30 100 230 820 820   0   0    0   0   0   0   0   0   0   0   0   0   0   0 100
D_Caleta-Car  20 cro  1 18  1  1 30 100 230 820 820   0   0    0   0   0   0   0   0   0   0   0   0   0   0 100
Joris_Gnagnon 20 civ  1 18  1  1 30 100 230 820 820   0   0    0   0   0   0   0   0   0   0   0   0   0   0 100
Moritz_Bauer  25 sui  1 18  9  4 30 100 230 820 820   0   0    0   0   0   0   0   0   0   0   0   0   0   0 100
P_De_Ceglie   30 ita  1 18 10  5 30 100 100 820 820   0   0    0   0   0   0   0   0   0   0   0   0   0   0 100
C_Cuevas      22 chi  1 18 10  5 30 100 100 820 820   0   0    0   0   0   0   0   0   0   0   0   0   0   0 100
P_Retsos      18 gre  1 18  1  1 30 100 100 820 820   0   0    0   0   0   0   0   0   0   0   0   0   0   0 100
Craig_Morgan  31 wal  1 18  1  1 30 100 100 820 820   0   0    0   0   0   0   0   0   0   0   0   0   0   0 100
Rhoys_Wiggins 29 wal  1 18  9  4 30 100 100 820 820   0   0    0   0   0   0   0   0   0   0   0   0   0   0 100
R_Cereceda    32 chi  1 17  9  4 30 100 970 820 820   0   0    0   0   0   0   0   0   0   0   0   0   0   0 100
Y_Yotún       27 per  1 17  9  4 30 100 970 820 820   0   0    0   0   0   0   0   0   0   0   0   0   0   0 100
Miguel_Trauco 24 per  1 17 10  5 30 100 970 820 820   0   0    0   0   0   0   0   0   0   0   0   0   0   0 100
Hans_Martínez 30 chi  1 17  1  1 30 100 840 820 820   0   0    0   0   0   0   0   0   0   0   0   0   0   0 100
L_Dickmann    20 ita  1 17 10  5 30 100 840 820 820   0   0    0   0   0   0   0   0   0   0   0   0   0   0 100
Erick_Cabaco  21 uru  1 17  1  1 30 100 840 820 820   0   0    0   0   0   0   0   0   0   0   0   0   0   0 100
D_Upamecano   18 fra  1 17  1  1 30 100 620 820 820   0   0    0   0   0   0   0   0   0   0   0   0   0   0 100
N_Milenkovic  19 srb  1 17  1  1 30 100 620 820 820   0   0    0   0   0   0   0   0   0   0   0   0   0   0 100
Thilo_Kehrer  20 ger  1 17  1  1 30 100 511 820 820   0   0    0   0   0   0   0   0   0   0   0   0   0   0 100
J_Onguéné     19 fra  1 17  1  1 30 100 400 820 820   0   0    0   0   0   0   0   0   0   0   0   0   0   0 100
C_Romero      19 arg  1 17  1  1 30 100 290 820 820   0   0    0   0   0   0   0   0   0   0   0   0   0   0 100
Alec_Georgen  18 fra  1 17  8  4 30 100 290 820 820   0   0    0   0   0   0   0   0   0   0   0   0   0   0 100
Joshua_Bitter 20 ger  1 16  1  1 30 100 850 820 820   0   0    0   0   0   0   0   0   0   0   0   0   0   0 100
